DEVIL
 2 
 1 
 1 
 1 
 1 
 1 
 1 
 1 
 1 
 1 
 1 
 1 
 1 
 1 
 1 
 1 
 1 
 1 
 1 
 1 
 1 
 1 
 1 
 1 
 1 
 1 
 1 
 1 
 1 
 1 
 1 
 1 
 1 
 1 
 1 
 0 
 0 
 0 
 0 
 0 
 0 
 0 
 0 
 0 
 0 
 0 
 0 
 1 
 1 
 1 
 1 
 0 
 0 
 0 
 0 
 0 
 0 
 0 
 0 
 0 
 0 
 0 
 0 
 1 
 1 
 1 
 1 
 0 
 0 
 0 
 0 
 0 
 0 
 0 
 0 
 0 
 0 
 0 
 0 
 1 
 1 
 1 
 1 
 0 
 0 
 3 
 0 
 0 
 0 
 0 
 0 
 0 
 3 
 0 
 0 
 1 
 1 
 1 
 1 
 0 
 0 
 0 
 0 
 0 
 0 
 0 
 0 
 0 
 0 
 0 
 0 
 1 
 1 
 1 
 1 
 0 
 0 
 0 
 0 
 2 
 2 
 2 
 2 
 0 
 0 
 0 
 0 
 1 
 1 
 1 
 1 
 0 
 0 
 0 
 2 
 2 
 23 
 23 
 2 
 2 
 0 
 0 
 0 
 1 
 1 
 1 
 1 
 0 
 0 
 0 
 2 
 23 
 23 
 23 
 23 
 2 
 0 
 0 
 0 
 1 
 1 
 1 
 1 
 0 
 0 
 0 
 2 
 23 
 23 
 23 
 23 
 2 
 0 
 0 
 0 
 1 
 1 
 1 
 1 
 0 
 0 
 0 
 2 
 23 
 23 
 23 
 23 
 2 
 0 
 0 
 0 
 0 
 6 
 1 
 1 
 0 
 0 
 0 
 2 
 23 
 23 
 23 
 23 
 2 
 0 
 0 
 0 
 0 
 6 
 1 
 1 
 0 
 0 
 0 
 2 
 23 
 23 
 23 
 23 
 2 
 0 
 0 
 0 
 1 
 1 
 1 
 1 
 0 
 0 
 0 
 2 
 23 
 23 
 23 
 23 
 2 
 0 
 0 
 0 
 1 
 1 
 1 
 1 
 0 
 0 
 0 
 2 
 2 
 23 
 23 
 2 
 2 
 0 
 0 
 0 
 1 
 1 
 1 
 1 
 0 
 0 
 0 
 0 
 2 
 2 
 2 
 2 
 0 
 0 
 0 
 0 
 1 
 1 
 1 
 1 
 0 
 0 
 0 
 0 
 0 
 0 
 0 
 0 
 0 
 0 
 0 
 0 
 1 
 1 
 1 
 1 
 0 
 0 
 3 
 0 
 0 
 0 
 0 
 0 
 0 
 3 
 0 
 0 
 1 
 1 
 1 
 1 
 0 
 0 
 0 
 0 
 0 
 0 
 0 
 0 
 0 
 0 
 0 
 0 
 1 
 1 
 1 
 1 
 0 
 0 
 0 
 0 
 0 
 0 
 0 
 0 
 0 
 0 
 0 
 0 
 1 
 1 
 1 
 1 
 0 
 0 
 0 
 0 
 0 
 0 
 0 
 0 
 0 
 0 
 0 
 0 
 1 
 1 
 1 
 1 
 1 
 1 
 1 
 1 
 1 
 0 
 0 
 1 
 1 
 1 
 1 
 1 
 1 
 1 
 1 
 1 
 1 
 1 
 1 
 1 
 1 
 6 
 6 
 1 
 1 
 1 
 1 
 1 
 1 
 1 
