DEVIL
 3 
 1 
 1 
 1 
 1 
 1 
 1 
 1 
 1 
 1 
 1 
 1 
 1 
 1 
 1 
 1 
 1 
 1 
 1 
 1 
 1 
 1 
 1 
 1 
 1 
 1 
 1 
 1 
 1 
 1 
 1 
 1 
 1 
 1 
 1 
 0 
 0 
 0 
 0 
 0 
 0 
 0 
 0 
 0 
 0 
 0 
 0 
 1 
 1 
 1 
 1 
 0 
 0 
 0 
 0 
 0 
 0 
 0 
 0 
 0 
 0 
 0 
 0 
 1 
 1 
 1 
 1 
 0 
 0 
 0 
 0 
 0 
 0 
 0 
 0 
 0 
 0 
 0 
 0 
 1 
 1 
 1 
 1 
 0 
 0 
 2 
 2 
 2 
 2 
 2 
 2 
 2 
 2 
 0 
 0 
 1 
 1 
 1 
 1 
 0 
 0 
 2 
 23 
 23 
 23 
 23 
 23 
 23 
 2 
 0 
 0 
 1 
 1 
 1 
 1 
 0 
 0 
 2 
 2 
 2 
 2 
 2 
 2 
 23 
 2 
 0 
 0 
 1 
 1 
 1 
 1 
 0 
 0 
 0 
 0 
 0 
 0 
 0 
 2 
 23 
 2 
 0 
 0 
 1 
 1 
 1 
 1 
 0 
 0 
 0 
 0 
 0 
 0 
 0 
 2 
 23 
 2 
 0 
 0 
 1 
 1 
 2 
 2 
 2 
 2 
 2 
 2 
 2 
 0 
 0 
 2 
 23 
 2 
 8 
 1 
 1 
 1 
 23 
 23 
 23 
 23 
 23 
 23 
 2 
 0 
 0 
 2 
 23 
 2 
 0 
 0 
 0 
 0 
 2 
 2 
 2 
 2 
 2 
 23 
 2 
 0 
 0 
 2 
 23 
 2 
 0 
 0 
 0 
 0 
 1 
 1 
 0 
 0 
 2 
 23 
 2 
 0 
 0 
 2 
 23 
 2 
 0 
 0 
 1 
 1 
 1 
 1 
 0 
 0 
 2 
 23 
 2 
 0 
 0 
 2 
 23 
 2 
 0 
 0 
 1 
 1 
 1 
 1 
 0 
 0 
 2 
 23 
 2 
 0 
 0 
 2 
 23 
 2 
 0 
 0 
 1 
 1 
 1 
 1 
 0 
 0 
 2 
 23 
 2 
 0 
 0 
 2 
 23 
 2 
 0 
 0 
 1 
 1 
 1 
 1 
 0 
 0 
 2 
 23 
 2 
 0 
 0 
 2 
 23 
 2 
 0 
 0 
 1 
 1 
 1 
 1 
 0 
 0 
 2 
 23 
 2 
 0 
 0 
 2 
 23 
 2 
 0 
 0 
 1 
 1 
 1 
 1 
 0 
 0 
 2 
 23 
 2 
 0 
 0 
 2 
 23 
 2 
 0 
 0 
 1 
 1 
 1 
 1 
 0 
 0 
 2 
 23 
 2 
 0 
 0 
 2 
 23 
 2 
 0 
 0 
 1 
 1 
 1 
 1 
 0 
 0 
 2 
 23 
 2 
 0 
 0 
 2 
 23 
 2 
 0 
 0 
 1 
 1 
 1 
 1 
 1 
 1 
 2 
 23 
 2 
 0 
 0 
 2 
 23 
 2 
 1 
 1 
 1 
 1 
 1 
 1 
 1 
 1 
 2 
 23 
 2 
 0 
 0 
 2 
 23 
 2 
 1 
 1 
 1 
 1 
