GHOST
 3 
 1 
 1 
 1 
 1 
 1 
 1 
 1 
 28 
 28 
 1 
 1 
 1 
 1 
 1 
 1 
 1 
 1 
 28 
 28 
 28 
 28 
 28 
 28 
 28 
 28 
 1 
 1 
 1 
 1 
 1 
 1 
 1 
 1 
 28 
 5 
 5 
 5 
 5 
 5 
 5 
 5 
 5 
 5 
 5 
 5 
 5 
 1 
 1 
 1 
 28 
 5 
 5 
 5 
 0 
 0 
 0 
 0 
 0 
 0 
 5 
 5 
 5 
 1 
 1 
 1 
 28 
 5 
 5 
 0 
 0 
 0 
 0 
 0 
 0 
 0 
 0 
 5 
 5 
 1 
 1 
 1 
 28 
 5 
 0 
 0 
 0 
 0 
 0 
 2 
 0 
 0 
 0 
 0 
 5 
 1 
 1 
 1 
 28 
 5 
 0 
 0 
 0 
 0 
 2 
 2 
 2 
 0 
 0 
 0 
 5 
 1 
 1 
 1 
 28 
 5 
 0 
 0 
 0 
 2 
 2 
 2 
 2 
 2 
 0 
 0 
 5 
 1 
 1 
 1 
 28 
 5 
 0 
 0 
 0 
 0 
 0 
 2 
 0 
 0 
 0 
 0 
 5 
 1 
 1 
 1 
 28 
 5 
 0 
 0 
 0 
 0 
 0 
 2 
 0 
 0 
 0 
 0 
 5 
 1 
 1 
 1 
 28 
 5 
 0 
 0 
 0 
 0 
 0 
 2 
 0 
 0 
 0 
 0 
 5 
 1 
 1 
 0 
 0 
 0 
 0 
 0 
 0 
 2 
 2 
 2 
 0 
 0 
 0 
 0 
 5 
 1 
 1 
 0 
 0 
 0 
 0 
 0 
 0 
 2 
 0 
 0 
 0 
 0 
 0 
 0 
 5 
 1 
 1 
 1 
 1 
 5 
 0 
 0 
 0 
 2 
 0 
 0 
 0 
 0 
 0 
 0 
 5 
 1 
 1 
 1 
 1 
 5 
 0 
 0 
 0 
 2 
 0 
 0 
 0 
 0 
 0 
 0 
 5 
 1 
 1 
 1 
 1 
 5 
 0 
 0 
 0 
 2 
 0 
 0 
 0 
 0 
 0 
 0 
 5 
 1 
 1 
 1 
 1 
 5 
 0 
 0 
 0 
 2 
 0 
 0 
 0 
 0 
 0 
 0 
 5 
 1 
 1 
 1 
 1 
 5 
 0 
 0 
 0 
 2 
 2 
 2 
 2 
 0 
 0 
 0 
 5 
 1 
 1 
 1 
 1 
 5 
 0 
 0 
 0 
 0 
 0 
 0 
 0 
 0 
 0 
 0 
 5 
 1 
 1 
 1 
 1 
 5 
 5 
 0 
 0 
 0 
 0 
 0 
 0 
 0 
 0 
 5 
 5 
 1 
 1 
 1 
 1 
 5 
 5 
 5 
 0 
 0 
 0 
 0 
 0 
 0 
 5 
 5 
 5 
 1 
 1 
 1 
 1 
 5 
 5 
 5 
 5 
 5 
 5 
 5 
 5 
 5 
 5 
 5 
 5 
 1 
 1 
 1 
 1 
 1 
 1 
 1 
 1 
 1 
 1 
 1 
 1 
 1 
 1 
 1 
 1 
 1 
 1 
 1 
 1 
 1 
 1 
 1 
 1 
 1 
 1 
 1 
 1 
 1 
 1 
 1 
 1 
 1 
 1 
