OGRE
 3 
 2 
 2 
 2 
 2 
 2 
 2 
 1 
 1 
 1 
 1 
 1 
 1 
 1 
 1 
 1 
 1 
 2 
 2 
 2 
 2 
 2 
 2 
 1 
 1 
 1 
 1 
 1 
 1 
 1 
 1 
 1 
 1 
 2 
 2 
 0 
 0 
 2 
 2 
 0 
 0 
 0 
 0 
 0 
 0 
 0 
 0 
 1 
 1 
 2 
 2 
 0 
 0 
 2 
 2 
 2 
 0 
 0 
 0 
 0 
 0 
 0 
 0 
 1 
 1 
 2 
 2 
 0 
 0 
 27 
 9 
 0 
 0 
 0 
 2 
 2 
 2 
 0 
 0 
 1 
 1 
 2 
 2 
 0 
 0 
 2 
 2 
 2 
 0 
 0 
 2 
 23 
 2 
 0 
 0 
 1 
 1 
 2 
 2 
 0 
 0 
 27 
 9 
 0 
 0 
 0 
 2 
 23 
 2 
 0 
 0 
 1 
 1 
 2 
 2 
 0 
 0 
 2 
 2 
 2 
 0 
 0 
 2 
 23 
 2 
 0 
 0 
 1 
 1 
 2 
 2 
 0 
 0 
 27 
 9 
 0 
 0 
 0 
 2 
 2 
 2 
 0 
 0 
 1 
 1 
 2 
 2 
 0 
 0 
 2 
 2 
 2 
 0 
 0 
 0 
 0 
 0 
 0 
 0 
 1 
 1 
 2 
 2 
 0 
 0 
 27 
 9 
 0 
 0 
 0 
 0 
 0 
 0 
 0 
 4 
 1 
 1 
 2 
 2 
 11 
 0 
 2 
 2 
 2 
 0 
 0 
 0 
 0 
 0 
 0 
 0 
 0 
 0 
 2 
 2 
 0 
 0 
 2 
 2 
 2 
 0 
 0 
 0 
 0 
 0 
 0 
 0 
 0 
 0 
 2 
 2 
 0 
 0 
 27 
 9 
 0 
 0 
 0 
 0 
 0 
 0 
 0 
 4 
 1 
 1 
 2 
 2 
 0 
 0 
 2 
 2 
 2 
 0 
 0 
 0 
 0 
 0 
 0 
 0 
 1 
 1 
 2 
 2 
 0 
 0 
 0 
 9 
 0 
 0 
 0 
 2 
 2 
 2 
 0 
 0 
 1 
 1 
 2 
 2 
 0 
 0 
 2 
 2 
 2 
 0 
 0 
 2 
 23 
 2 
 0 
 0 
 1 
 1 
 2 
 2 
 0 
 0 
 27 
 9 
 0 
 0 
 0 
 2 
 23 
 2 
 0 
 0 
 1 
 1 
 2 
 2 
 0 
 0 
 2 
 2 
 2 
 0 
 0 
 2 
 23 
 2 
 0 
 0 
 1 
 1 
 2 
 2 
 0 
 0 
 27 
 9 
 0 
 0 
 0 
 2 
 2 
 2 
 0 
 0 
 1 
 1 
 2 
 2 
 0 
 0 
 2 
 2 
 2 
 0 
 0 
 0 
 0 
 0 
 0 
 0 
 1 
 1 
 2 
 2 
 0 
 0 
 2 
 2 
 0 
 0 
 0 
 0 
 0 
 0 
 0 
 0 
 1 
 1 
 2 
 2 
 2 
 2 
 2 
 2 
 1 
 1 
 1 
 1 
 1 
 1 
 1 
 1 
 1 
 1 
 2 
 2 
 2 
 2 
 2 
 2 
 1 
 1 
 1 
 1 
 1 
 1 
 1 
 1 
 1 
 1 
