MUMMY
 1 
 1 
 1 
 1 
 1 
 1 
 1 
 1 
 1 
 1 
 1 
 1 
 1 
 1 
 1 
 1 
 1 
 1 
 1 
 1 
 1 
 1 
 1 
 1 
 1 
 1 
 1 
 1 
 1 
 1 
 1 
 1 
 1 
 1 
 1 
 0 
 0 
 0 
 0 
 0 
 0 
 0 
 0 
 0 
 0 
 0 
 0 
 1 
 1 
 1 
 1 
 0 
 0 
 0 
 0 
 0 
 0 
 0 
 0 
 0 
 0 
 0 
 0 
 1 
 1 
 1 
 1 
 0 
 0 
 0 
 0 
 0 
 0 
 0 
 0 
 0 
 0 
 0 
 0 
 1 
 1 
 1 
 1 
 0 
 0 
 0 
 0 
 0 
 0 
 0 
 0 
 0 
 0 
 0 
 0 
 1 
 1 
 1 
 1 
 0 
 0 
 0 
 0 
 0 
 0 
 0 
 0 
 0 
 0 
 0 
 0 
 1 
 1 
 1 
 1 
 0 
 2 
 2 
 0 
 0 
 0 
 0 
 0 
 0 
 2 
 2 
 0 
 1 
 1 
 1 
 1 
 0 
 2 
 22 
 2 
 0 
 0 
 0 
 0 
 2 
 22 
 2 
 0 
 1 
 1 
 1 
 1 
 0 
 0 
 2 
 22 
 2 
 0 
 0 
 2 
 22 
 2 
 0 
 0 
 1 
 1 
 1 
 1 
 0 
 0 
 0 
 2 
 22 
 2 
 2 
 22 
 2 
 0 
 0 
 0 
 1 
 1 
 1 
 1 
 0 
 0 
 0 
 0 
 2 
 22 
 22 
 2 
 0 
 0 
 0 
 0 
 0 
 6 
 1 
 1 
 0 
 11 
 0 
 0 
 2 
 22 
 22 
 2 
 0 
 0 
 0 
 0 
 0 
 6 
 1 
 1 
 0 
 0 
 0 
 2 
 22 
 2 
 2 
 22 
 2 
 0 
 0 
 0 
 1 
 1 
 1 
 1 
 0 
 0 
 2 
 22 
 2 
 0 
 0 
 2 
 22 
 2 
 0 
 0 
 1 
 1 
 1 
 1 
 0 
 2 
 22 
 2 
 0 
 0 
 0 
 0 
 2 
 22 
 2 
 0 
 1 
 1 
 1 
 1 
 0 
 2 
 2 
 0 
 0 
 0 
 0 
 0 
 0 
 2 
 2 
 0 
 1 
 1 
 1 
 1 
 0 
 0 
 0 
 0 
 0 
 0 
 0 
 0 
 0 
 0 
 0 
 0 
 1 
 1 
 1 
 1 
 0 
 0 
 0 
 0 
 0 
 0 
 0 
 0 
 0 
 0 
 0 
 0 
 1 
 1 
 1 
 1 
 0 
 0 
 0 
 0 
 0 
 0 
 0 
 0 
 0 
 0 
 0 
 0 
 1 
 1 
 1 
 1 
 0 
 0 
 0 
 0 
 0 
 0 
 0 
 0 
 0 
 0 
 0 
 0 
 1 
 1 
 1 
 1 
 0 
 0 
 0 
 0 
 0 
 0 
 0 
 0 
 0 
 0 
 0 
 0 
 1 
 1 
 1 
 1 
 1 
 1 
 1 
 1 
 1 
 1 
 1 
 1 
 1 
 1 
 1 
 1 
 1 
 1 
 1 
 1 
 1 
 1 
 1 
 1 
 1 
 1 
 1 
 1 
 1 
 1 
 1 
 1 
 1 
 1 
