ZOMBIE
 3 
 1 
 1 
 1 
 1 
 1 
 1 
 1 
 1 
 1 
 1 
 1 
 1 
 1 
 1 
 1 
 1 
 1 
 1 
 1 
 1 
 1 
 1 
 1 
 1 
 1 
 1 
 1 
 1 
 1 
 1 
 1 
 1 
 1 
 1 
 0 
 0 
 0 
 1 
 0 
 0 
 0 
 0 
 0 
 0 
 0 
 0 
 1 
 1 
 1 
 1 
 0 
 11 
 0 
 1 
 0 
 0 
 0 
 0 
 0 
 2 
 0 
 0 
 1 
 1 
 1 
 1 
 0 
 0 
 0 
 1 
 0 
 0 
 0 
 0 
 2 
 23 
 2 
 0 
 1 
 1 
 1 
 1 
 0 
 0 
 0 
 1 
 0 
 0 
 0 
 0 
 0 
 2 
 0 
 0 
 1 
 1 
 1 
 1 
 0 
 0 
 0 
 1 
 0 
 0 
 2 
 0 
 0 
 0 
 0 
 0 
 1 
 1 
 1 
 1 
 0 
 0 
 0 
 1 
 0 
 2 
 23 
 2 
 0 
 0 
 0 
 0 
 1 
 1 
 1 
 1 
 0 
 0 
 0 
 1 
 0 
 0 
 2 
 0 
 0 
 0 
 0 
 0 
 1 
 1 
 1 
 1 
 0 
 0 
 0 
 1 
 0 
 0 
 0 
 0 
 0 
 2 
 0 
 0 
 1 
 1 
 1 
 1 
 0 
 0 
 0 
 1 
 0 
 0 
 0 
 0 
 2 
 23 
 2 
 0 
 1 
 1 
 1 
 1 
 0 
 0 
 0 
 1 
 0 
 0 
 0 
 0 
 0 
 2 
 0 
 0 
 0 
 6 
 1 
 1 
 0 
 0 
 0 
 1 
 0 
 0 
 2 
 0 
 0 
 0 
 0 
 0 
 0 
 6 
 1 
 1 
 0 
 0 
 0 
 1 
 0 
 2 
 23 
 2 
 0 
 0 
 0 
 0 
 1 
 1 
 1 
 1 
 0 
 0 
 0 
 1 
 0 
 0 
 2 
 0 
 0 
 0 
 0 
 0 
 1 
 1 
 1 
 1 
 0 
 0 
 0 
 1 
 0 
 0 
 0 
 0 
 0 
 2 
 0 
 0 
 1 
 1 
 1 
 1 
 0 
 0 
 0 
 1 
 0 
 0 
 0 
 0 
 2 
 23 
 2 
 0 
 1 
 1 
 1 
 1 
 0 
 0 
 0 
 1 
 0 
 0 
 0 
 0 
 0 
 2 
 0 
 0 
 1 
 1 
 1 
 1 
 0 
 0 
 0 
 1 
 0 
 0 
 2 
 0 
 0 
 0 
 0 
 0 
 1 
 1 
 1 
 1 
 0 
 0 
 0 
 0 
 0 
 2 
 23 
 2 
 0 
 0 
 0 
 0 
 1 
 1 
 1 
 1 
 0 
 0 
 0 
 1 
 0 
 0 
 2 
 0 
 0 
 0 
 0 
 0 
 1 
 1 
 1 
 1 
 0 
 0 
 0 
 1 
 0 
 0 
 0 
 0 
 0 
 0 
 0 
 0 
 1 
 1 
 1 
 1 
 1 
 1 
 1 
 1 
 1 
 1 
 1 
 1 
 1 
 1 
 1 
 1 
 1 
 1 
 1 
 1 
 1 
 1 
 1 
 1 
 1 
 1 
 1 
 1 
 1 
 1 
 1 
 1 
 1 
 1 
