GHOST
 3 
 2 
 2 
 2 
 2 
 2 
 2 
 2 
 33 
 33 
 33 
 33 
 33 
 33 
 33 
 33 
 33 
 2 
 2 
 2 
 2 
 2 
 2 
 2 
 33 
 33 
 33 
 33 
 33 
 33 
 33 
 33 
 33 
 2 
 2 
 0 
 0 
 0 
 0 
 2 
 12 
 12 
 12 
 12 
 12 
 12 
 12 
 33 
 33 
 2 
 2 
 0 
 0 
 0 
 0 
 2 
 12 
 5 
 12 
 5 
 12 
 5 
 12 
 33 
 33 
 2 
 2 
 0 
 0 
 0 
 0 
 2 
 12 
 12 
 12 
 12 
 12 
 12 
 12 
 33 
 33 
 2 
 2 
 0 
 0 
 0 
 0 
 2 
 12 
 5 
 12 
 5 
 12 
 5 
 12 
 33 
 33 
 2 
 2 
 0 
 0 
 0 
 0 
 2 
 12 
 12 
 12 
 12 
 12 
 12 
 12 
 33 
 33 
 2 
 2 
 0 
 0 
 0 
 0 
 2 
 12 
 5 
 12 
 5 
 12 
 5 
 12 
 33 
 33 
 2 
 2 
 0 
 0 
 0 
 0 
 2 
 12 
 12 
 12 
 12 
 12 
 12 
 12 
 33 
 33 
 2 
 2 
 0 
 0 
 0 
 0 
 2 
 12 
 5 
 12 
 5 
 12 
 5 
 12 
 33 
 33 
 1 
 1 
 0 
 0 
 4 
 2 
 2 
 12 
 12 
 12 
 12 
 12 
 12 
 12 
 33 
 33 
 0 
 0 
 0 
 0 
 0 
 12 
 12 
 12 
 12 
 12 
 12 
 12 
 12 
 12 
 33 
 33 
 0 
 0 
 0 
 0 
 0 
 12 
 12 
 12 
 12 
 12 
 12 
 12 
 12 
 12 
 33 
 33 
 1 
 1 
 0 
 0 
 4 
 2 
 2 
 12 
 12 
 12 
 12 
 12 
 12 
 12 
 33 
 33 
 2 
 2 
 0 
 0 
 0 
 0 
 2 
 12 
 5 
 12 
 5 
 12 
 5 
 12 
 33 
 33 
 2 
 2 
 0 
 0 
 0 
 0 
 2 
 12 
 12 
 12 
 12 
 12 
 12 
 12 
 33 
 33 
 2 
 2 
 0 
 0 
 0 
 0 
 2 
 12 
 5 
 12 
 5 
 12 
 5 
 12 
 33 
 33 
 2 
 2 
 0 
 0 
 0 
 0 
 2 
 12 
 12 
 12 
 12 
 12 
 12 
 12 
 33 
 33 
 2 
 2 
 0 
 0 
 0 
 0 
 2 
 12 
 5 
 12 
 5 
 12 
 5 
 12 
 33 
 33 
 2 
 2 
 0 
 0 
 0 
 0 
 2 
 12 
 12 
 12 
 12 
 12 
 12 
 12 
 33 
 33 
 2 
 2 
 0 
 0 
 0 
 0 
 2 
 12 
 5 
 12 
 5 
 12 
 5 
 12 
 33 
 33 
 2 
 2 
 0 
 0 
 0 
 0 
 2 
 12 
 12 
 12 
 12 
 12 
 12 
 12 
 33 
 33 
 2 
 2 
 2 
 2 
 2 
 2 
 2 
 33 
 33 
 33 
 33 
 33 
 33 
 33 
 33 
 33 
 2 
 2 
 2 
 2 
 2 
 2 
 2 
 33 
 33 
 33 
 33 
 33 
 33 
 33 
 33 
 33 
