NONE
 0 
 1 
 1 
 1 
 1 
 1 
 1 
 1 
 1 
 1 
 1 
 1 
 1 
 1 
 1 
 1 
 1 
 1 
 1 
 1 
 1 
 1 
 1 
 10 
 0 
 0 
 1 
 1 
 1 
 1 
 1 
 1 
 1 
 1 
 1 
 0 
 0 
 0 
 0 
 0 
 0 
 0 
 0 
 0 
 0 
 0 
 0 
 1 
 1 
 1 
 1 
 0 
 4 
 0 
 0 
 0 
 0 
 0 
 0 
 0 
 0 
 0 
 0 
 1 
 1 
 1 
 1 
 0 
 0 
 0 
 0 
 0 
 0 
 0 
 0 
 0 
 0 
 0 
 0 
 1 
 1 
 1 
 1 
 0 
 4 
 0 
 0 
 0 
 0 
 0 
 0 
 0 
 0 
 0 
 0 
 1 
 1 
 1 
 1 
 0 
 0 
 0 
 0 
 0 
 0 
 0 
 0 
 0 
 0 
 0 
 0 
 1 
 1 
 1 
 1 
 0 
 0 
 0 
 0 
 0 
 0 
 0 
 0 
 0 
 0 
 0 
 0 
 1 
 1 
 1 
 1 
 0 
 2 
 2 
 2 
 2 
 2 
 2 
 2 
 2 
 2 
 0 
 0 
 1 
 1 
 1 
 1 
 0 
 2 
 23 
 23 
 23 
 23 
 23 
 23 
 23 
 2 
 0 
 0 
 1 
 1 
 1 
 1 
 0 
 2 
 23 
 2 
 2 
 2 
 23 
 2 
 23 
 2 
 0 
 0 
 1 
 1 
 0 
 0 
 0 
 2 
 23 
 2 
 2 
 2 
 23 
 2 
 23 
 2 
 2 
 2 
 2 
 2 
 0 
 0 
 0 
 2 
 23 
 2 
 23 
 2 
 2 
 2 
 23 
 2 
 2 
 2 
 2 
 2 
 1 
 1 
 0 
 2 
 23 
 2 
 23 
 23 
 2 
 23 
 23 
 2 
 0 
 0 
 1 
 1 
 1 
 1 
 0 
 2 
 23 
 23 
 23 
 23 
 23 
 23 
 23 
 2 
 0 
 0 
 1 
 1 
 1 
 1 
 0 
 2 
 2 
 2 
 2 
 2 
 2 
 2 
 2 
 2 
 0 
 0 
 1 
 1 
 1 
 1 
 0 
 0 
 0 
 0 
 0 
 0 
 0 
 0 
 0 
 0 
 0 
 0 
 1 
 1 
 1 
 1 
 0 
 0 
 0 
 0 
 0 
 0 
 0 
 0 
 0 
 0 
 0 
 0 
 1 
 1 
 1 
 1 
 0 
 4 
 0 
 0 
 0 
 0 
 0 
 0 
 0 
 0 
 0 
 0 
 1 
 1 
 1 
 1 
 0 
 0 
 0 
 0 
 0 
 0 
 0 
 0 
 0 
 0 
 0 
 0 
 1 
 1 
 1 
 1 
 0 
 4 
 0 
 0 
 0 
 0 
 0 
 0 
 0 
 0 
 0 
 0 
 1 
 1 
 1 
 1 
 0 
 0 
 0 
 0 
 0 
 0 
 0 
 0 
 0 
 0 
 0 
 0 
 1 
 1 
 1 
 1 
 1 
 1 
 1 
 1 
 1 
 0 
 0 
 1 
 1 
 1 
 1 
 1 
 1 
 1 
 1 
 1 
 1 
 1 
 1 
 1 
 1 
 1 
 1 
 1 
 1 
 1 
 1 
 1 
 1 
 1 
