KNIGHT
 2 
 22 
 22 
 22 
 22 
 22 
 22 
 22 
 22 
 22 
 22 
 22 
 22 
 22 
 22 
 22 
 22 
 22 
 22 
 22 
 22 
 22 
 22 
 22 
 22 
 22 
 22 
 22 
 22 
 22 
 22 
 22 
 22 
 22 
 22 
 22 
 2 
 2 
 2 
 2 
 2 
 2 
 2 
 2 
 2 
 2 
 22 
 22 
 22 
 22 
 22 
 2 
 2 
 0 
 0 
 0 
 0 
 0 
 0 
 0 
 0 
 2 
 2 
 22 
 22 
 22 
 22 
 2 
 0 
 0 
 0 
 0 
 0 
 0 
 0 
 0 
 0 
 0 
 2 
 22 
 22 
 22 
 22 
 2 
 0 
 0 
 0 
 0 
 0 
 0 
 0 
 0 
 0 
 0 
 2 
 22 
 2 
 22 
 22 
 2 
 0 
 0 
 0 
 0 
 0 
 0 
 0 
 0 
 0 
 0 
 2 
 2 
 1 
 22 
 22 
 2 
 0 
 0 
 0 
 0 
 0 
 0 
 0 
 4 
 0 
 0 
 0 
 1 
 1 
 22 
 22 
 2 
 0 
 0 
 0 
 0 
 0 
 0 
 0 
 0 
 4 
 0 
 0 
 1 
 1 
 22 
 22 
 2 
 0 
 0 
 0 
 0 
 2 
 2 
 0 
 0 
 0 
 4 
 0 
 1 
 1 
 22 
 22 
 2 
 0 
 0 
 0 
 2 
 2 
 2 
 0 
 0 
 0 
 0 
 4 
 1 
 1 
 22 
 22 
 2 
 0 
 0 
 2 
 2 
 2 
 0 
 0 
 0 
 0 
 0 
 0 
 0 
 6 
 22 
 22 
 2 
 0 
 0 
 2 
 2 
 2 
 0 
 0 
 0 
 0 
 0 
 0 
 0 
 6 
 22 
 22 
 2 
 0 
 0 
 0 
 2 
 2 
 2 
 0 
 0 
 0 
 0 
 4 
 1 
 1 
 22 
 22 
 2 
 0 
 0 
 0 
 0 
 2 
 2 
 0 
 0 
 0 
 4 
 0 
 1 
 1 
 22 
 22 
 2 
 0 
 0 
 0 
 0 
 0 
 0 
 0 
 0 
 4 
 0 
 0 
 1 
 1 
 22 
 22 
 2 
 0 
 0 
 0 
 0 
 0 
 0 
 0 
 4 
 0 
 0 
 0 
 1 
 1 
 22 
 22 
 2 
 0 
 0 
 0 
 0 
 0 
 0 
 0 
 0 
 0 
 0 
 2 
 2 
 1 
 22 
 22 
 2 
 0 
 0 
 0 
 0 
 0 
 0 
 0 
 0 
 0 
 0 
 2 
 22 
 2 
 22 
 22 
 2 
 0 
 0 
 0 
 0 
 0 
 0 
 0 
 0 
 0 
 0 
 2 
 22 
 22 
 22 
 22 
 2 
 2 
 0 
 0 
 0 
 0 
 0 
 0 
 0 
 0 
 2 
 2 
 22 
 22 
 22 
 22 
 22 
 2 
 2 
 2 
 0 
 0 
 0 
 0 
 2 
 2 
 2 
 22 
 22 
 22 
 22 
 22 
 22 
 22 
 22 
 2 
 2 
 0 
 0 
 2 
 2 
 22 
 22 
 22 
 22 
 22 
 22 
 22 
 22 
 22 
 22 
 22 
 1 
 6 
 6 
 1 
 22 
 22 
 22 
 22 
 22 
 22 
