WIZARD
 3 
 1 
 1 
 1 
 1 
 1 
 1 
 1 
 1 
 1 
 1 
 1 
 1 
 1 
 1 
 1 
 1 
 1 
 1 
 1 
 1 
 1 
 1 
 1 
 1 
 1 
 1 
 1 
 1 
 1 
 1 
 1 
 1 
 1 
 1 
 1 
 23 
 23 
 23 
 23 
 23 
 23 
 23 
 23 
 23 
 23 
 1 
 1 
 1 
 1 
 1 
 23 
 23 
 23 
 23 
 23 
 23 
 23 
 23 
 23 
 23 
 23 
 23 
 1 
 1 
 1 
 1 
 23 
 23 
 23 
 23 
 2 
 2 
 2 
 2 
 23 
 23 
 23 
 23 
 1 
 1 
 1 
 1 
 23 
 23 
 23 
 2 
 22 
 22 
 22 
 22 
 2 
 23 
 23 
 23 
 1 
 1 
 1 
 1 
 23 
 23 
 23 
 23 
 2 
 2 
 2 
 2 
 23 
 23 
 23 
 23 
 1 
 1 
 1 
 1 
 23 
 23 
 23 
 23 
 23 
 23 
 23 
 23 
 23 
 23 
 23 
 23 
 1 
 1 
 1 
 1 
 1 
 23 
 23 
 23 
 23 
 23 
 23 
 23 
 23 
 23 
 23 
 1 
 1 
 1 
 1 
 1 
 1 
 1 
 1 
 1 
 1 
 1 
 1 
 1 
 1 
 1 
 1 
 1 
 1 
 1 
 1 
 1 
 1 
 0 
 1 
 1 
 1 
 0 
 1 
 1 
 1 
 1 
 24 
 24 
 1 
 1 
 0 
 0 
 0 
 0 
 0 
 0 
 0 
 0 
 0 
 0 
 0 
 9 
 24 
 24 
 1 
 1 
 0 
 0 
 0 
 0 
 0 
 0 
 0 
 0 
 0 
 0 
 0 
 9 
 24 
 24 
 1 
 1 
 1 
 1 
 1 
 1 
 1 
 0 
 1 
 1 
 1 
 0 
 1 
 1 
 24 
 24 
 1 
 1 
 1 
 1 
 1 
 1 
 1 
 1 
 1 
 1 
 1 
 1 
 1 
 1 
 1 
 1 
 1 
 1 
 1 
 1 
 1 
 23 
 23 
 23 
 23 
 23 
 23 
 23 
 23 
 23 
 23 
 1 
 1 
 1 
 1 
 1 
 23 
 23 
 23 
 23 
 23 
 23 
 23 
 23 
 23 
 23 
 23 
 23 
 1 
 1 
 1 
 1 
 23 
 23 
 23 
 23 
 2 
 2 
 2 
 2 
 23 
 23 
 23 
 23 
 1 
 1 
 1 
 1 
 23 
 23 
 23 
 2 
 22 
 22 
 22 
 22 
 2 
 23 
 23 
 23 
 1 
 1 
 1 
 1 
 23 
 23 
 23 
 23 
 2 
 2 
 2 
 2 
 23 
 23 
 23 
 23 
 1 
 1 
 1 
 1 
 23 
 23 
 23 
 23 
 23 
 23 
 23 
 23 
 23 
 23 
 23 
 23 
 1 
 1 
 1 
 1 
 1 
 23 
 23 
 23 
 23 
 23 
 23 
 23 
 23 
 23 
 23 
 1 
 1 
 1 
 1 
 1 
 1 
 1 
 1 
 1 
 1 
 1 
 1 
 1 
 1 
 1 
 1 
 1 
 1 
 1 
 1 
 1 
 1 
 1 
 1 
 1 
 1 
 1 
 1 
 1 
 1 
 1 
 1 
 1 
 1 
 1 
