GHOST
 3 
 1 
 1 
 1 
 1 
 1 
 1 
 1 
 0 
 0 
 1 
 1 
 1 
 1 
 1 
 1 
 1 
 1 
 1 
 1 
 1 
 1 
 1 
 1 
 0 
 0 
 1 
 1 
 1 
 1 
 1 
 1 
 1 
 1 
 1 
 0 
 0 
 0 
 0 
 0 
 0 
 0 
 1 
 1 
 0 
 0 
 0 
 1 
 1 
 1 
 1 
 0 
 0 
 0 
 0 
 0 
 0 
 0 
 1 
 1 
 0 
 21 
 0 
 1 
 1 
 1 
 1 
 0 
 0 
 0 
 0 
 0 
 21 
 0 
 1 
 1 
 0 
 0 
 0 
 1 
 1 
 1 
 1 
 0 
 0 
 21 
 0 
 0 
 0 
 0 
 1 
 1 
 21 
 0 
 21 
 1 
 1 
 1 
 1 
 0 
 0 
 0 
 0 
 21 
 0 
 0 
 1 
 1 
 0 
 0 
 0 
 1 
 1 
 1 
 1 
 0 
 0 
 0 
 21 
 0 
 0 
 0 
 1 
 1 
 0 
 21 
 0 
 1 
 1 
 1 
 1 
 0 
 21 
 0 
 0 
 0 
 21 
 0 
 1 
 1 
 0 
 0 
 0 
 1 
 1 
 1 
 1 
 0 
 0 
 0 
 21 
 0 
 0 
 0 
 1 
 1 
 0 
 21 
 0 
 1 
 1 
 1 
 1 
 0 
 0 
 0 
 0 
 0 
 0 
 0 
 1 
 1 
 0 
 0 
 4 
 1 
 1 
 12 
 12 
 12 
 12 
 12 
 12 
 12 
 12 
 12 
 28 
 28 
 12 
 12 
 12 
 12 
 12 
 12 
 12 
 12 
 12 
 12 
 12 
 12 
 12 
 12 
 28 
 28 
 12 
 12 
 12 
 12 
 12 
 1 
 1 
 1 
 1 
 1 
 1 
 1 
 1 
 1 
 1 
 1 
 0 
 0 
 4 
 1 
 1 
 1 
 1 
 1 
 1 
 1 
 1 
 1 
 1 
 1 
 1 
 1 
 0 
 0 
 0 
 1 
 1 
 1 
 1 
 0 
 0 
 0 
 0 
 0 
 0 
 0 
 0 
 0 
 0 
 0 
 0 
 1 
 1 
 1 
 1 
 0 
 0 
 0 
 0 
 0 
 0 
 0 
 0 
 0 
 0 
 21 
 0 
 1 
 1 
 1 
 1 
 0 
 21 
 0 
 0 
 21 
 0 
 21 
 0 
 0 
 0 
 0 
 0 
 1 
 1 
 1 
 1 
 0 
 0 
 0 
 0 
 0 
 0 
 0 
 0 
 0 
 21 
 0 
 0 
 1 
 1 
 1 
 1 
 0 
 0 
 21 
 0 
 0 
 0 
 0 
 0 
 0 
 0 
 0 
 0 
 1 
 1 
 1 
 1 
 0 
 0 
 0 
 21 
 0 
 21 
 0 
 0 
 21 
 0 
 0 
 0 
 1 
 1 
 1 
 1 
 0 
 0 
 0 
 0 
 0 
 0 
 0 
 0 
 0 
 0 
 0 
 0 
 1 
 1 
 1 
 1 
 1 
 1 
 1 
 1 
 1 
 1 
 1 
 1 
 1 
 1 
 1 
 1 
 1 
 1 
 1 
 1 
 1 
 1 
 1 
 1 
 1 
 1 
 1 
 1 
 1 
 1 
 1 
 1 
 1 
 1 
