GHOST
 3 
 1 
 1 
 1 
 1 
 1 
 1 
 1 
 1 
 1 
 1 
 1 
 1 
 1 
 1 
 1 
 1 
 1 
 1 
 1 
 1 
 1 
 1 
 1 
 1 
 1 
 1 
 1 
 1 
 1 
 1 
 1 
 1 
 1 
 1 
 0 
 0 
 0 
 0 
 0 
 0 
 0 
 0 
 0 
 0 
 0 
 0 
 1 
 1 
 1 
 1 
 0 
 0 
 5 
 0 
 5 
 0 
 5 
 0 
 5 
 0 
 5 
 0 
 1 
 1 
 1 
 1 
 0 
 0 
 0 
 0 
 0 
 0 
 0 
 0 
 0 
 0 
 0 
 0 
 1 
 1 
 1 
 1 
 0 
 0 
 5 
 0 
 5 
 0 
 5 
 0 
 5 
 0 
 5 
 0 
 1 
 1 
 1 
 1 
 0 
 0 
 0 
 0 
 0 
 0 
 0 
 0 
 0 
 0 
 0 
 0 
 1 
 1 
 1 
 1 
 0 
 0 
 0 
 0 
 0 
 0 
 0 
 0 
 0 
 1 
 1 
 0 
 1 
 1 
 1 
 1 
 0 
 0 
 0 
 0 
 1 
 1 
 1 
 1 
 16 
 16 
 1 
 0 
 1 
 1 
 1 
 1 
 0 
 0 
 0 
 1 
 1 
 1 
 1 
 1 
 1 
 16 
 1 
 0 
 1 
 1 
 1 
 1 
 0 
 0 
 1 
 1 
 33 
 1 
 1 
 1 
 1 
 16 
 1 
 0 
 1 
 1 
 6 
 0 
 0 
 1 
 1 
 33 
 33 
 33 
 33 
 33 
 1 
 16 
 1 
 0 
 0 
 6 
 6 
 0 
 0 
 1 
 1 
 16 
 33 
 16 
 16 
 16 
 1 
 16 
 1 
 0 
 0 
 6 
 1 
 1 
 0 
 0 
 1 
 1 
 16 
 1 
 1 
 1 
 1 
 16 
 1 
 0 
 1 
 1 
 1 
 1 
 0 
 0 
 0 
 1 
 1 
 1 
 1 
 1 
 1 
 16 
 1 
 0 
 1 
 1 
 1 
 1 
 0 
 0 
 0 
 0 
 1 
 1 
 1 
 1 
 16 
 16 
 1 
 0 
 1 
 1 
 1 
 1 
 0 
 0 
 0 
 0 
 0 
 0 
 0 
 0 
 0 
 1 
 1 
 0 
 1 
 1 
 1 
 1 
 0 
 0 
 0 
 0 
 0 
 0 
 0 
 0 
 0 
 0 
 0 
 0 
 1 
 1 
 1 
 1 
 0 
 0 
 5 
 0 
 5 
 0 
 5 
 0 
 5 
 0 
 5 
 0 
 1 
 1 
 1 
 1 
 0 
 0 
 0 
 0 
 0 
 0 
 0 
 0 
 0 
 0 
 0 
 0 
 1 
 1 
 1 
 1 
 0 
 0 
 5 
 0 
 5 
 0 
 5 
 0 
 5 
 0 
 5 
 0 
 1 
 1 
 1 
 1 
 0 
 0 
 0 
 0 
 0 
 0 
 0 
 0 
 0 
 0 
 0 
 0 
 1 
 1 
 1 
 1 
 1 
 1 
 1 
 1 
 1 
 0 
 0 
 1 
 1 
 1 
 1 
 1 
 1 
 1 
 1 
 1 
 1 
 1 
 1 
 1 
 1 
 6 
 6 
 1 
 1 
 1 
 1 
 1 
 1 
 1 
