ZOMBIE
 3 
 1 
 1 
 1 
 1 
 1 
 1 
 1 
 1 
 1 
 1 
 1 
 1 
 1 
 1 
 1 
 1 
 1 
 1 
 1 
 1 
 1 
 1 
 1 
 1 
 1 
 1 
 1 
 1 
 1 
 1 
 1 
 1 
 1 
 11 
 0 
 6 
 0 
 0 
 0 
 0 
 0 
 0 
 0 
 0 
 0 
 0 
 1 
 1 
 1 
 1 
 1 
 1 
 0 
 0 
 5 
 0 
 0 
 0 
 0 
 0 
 0 
 5 
 1 
 1 
 1 
 1 
 0 
 0 
 0 
 5 
 0 
 0 
 0 
 0 
 0 
 0 
 5 
 0 
 1 
 1 
 1 
 1 
 0 
 0 
 5 
 0 
 0 
 0 
 0 
 0 
 0 
 5 
 0 
 0 
 1 
 1 
 1 
 1 
 0 
 5 
 0 
 0 
 0 
 0 
 0 
 0 
 5 
 0 
 0 
 0 
 1 
 1 
 1 
 1 
 5 
 0 
 0 
 0 
 0 
 0 
 0 
 5 
 0 
 0 
 0 
 0 
 1 
 1 
 1 
 1 
 0 
 0 
 0 
 0 
 0 
 0 
 5 
 0 
 0 
 0 
 0 
 0 
 1 
 1 
 1 
 1 
 0 
 0 
 0 
 0 
 0 
 5 
 0 
 0 
 0 
 0 
 0 
 0 
 1 
 1 
 1 
 1 
 0 
 0 
 0 
 0 
 5 
 0 
 0 
 0 
 0 
 0 
 0 
 0 
 1 
 1 
 1 
 1 
 0 
 0 
 0 
 5 
 0 
 0 
 0 
 0 
 0 
 0 
 5 
 0 
 0 
 6 
 1 
 1 
 0 
 0 
 5 
 0 
 0 
 0 
 0 
 0 
 0 
 5 
 0 
 0 
 0 
 6 
 1 
 1 
 0 
 5 
 0 
 0 
 0 
 0 
 0 
 0 
 5 
 0 
 0 
 0 
 1 
 1 
 1 
 1 
 0 
 0 
 0 
 0 
 0 
 0 
 0 
 5 
 0 
 0 
 0 
 0 
 1 
 1 
 1 
 1 
 0 
 0 
 0 
 0 
 0 
 0 
 5 
 0 
 0 
 0 
 0 
 0 
 1 
 1 
 1 
 1 
 0 
 0 
 0 
 0 
 0 
 5 
 0 
 0 
 0 
 0 
 0 
 0 
 1 
 1 
 1 
 1 
 0 
 0 
 0 
 0 
 5 
 0 
 0 
 0 
 0 
 0 
 0 
 5 
 1 
 1 
 1 
 1 
 0 
 0 
 0 
 5 
 0 
 0 
 0 
 0 
 0 
 0 
 5 
 0 
 1 
 1 
 1 
 1 
 0 
 0 
 5 
 0 
 0 
 0 
 0 
 0 
 0 
 5 
 0 
 0 
 1 
 1 
 1 
 1 
 0 
 5 
 0 
 0 
 0 
 0 
 0 
 0 
 5 
 0 
 0 
 0 
 1 
 1 
 1 
 1 
 5 
 0 
 0 
 0 
 0 
 0 
 0 
 0 
 0 
 0 
 0 
 0 
 1 
 1 
 1 
 1 
 1 
 1 
 1 
 1 
 1 
 1 
 1 
 1 
 1 
 1 
 1 
 1 
 1 
 1 
 1 
 1 
 1 
 1 
 1 
 1 
 1 
 1 
 1 
 1 
 1 
 1 
 1 
 1 
 1 
 1 
 16 
