WIZARD
 3 
 1 
 1 
 1 
 1 
 1 
 1 
 1 
 6 
 6 
 1 
 1 
 1 
 1 
 1 
 1 
 1 
 1 
 1 
 1 
 1 
 1 
 1 
 1 
 0 
 0 
 1 
 1 
 1 
 1 
 1 
 1 
 1 
 1 
 1 
 0 
 0 
 0 
 0 
 0 
 0 
 0 
 0 
 0 
 0 
 0 
 0 
 1 
 1 
 1 
 1 
 27 
 0 
 28 
 28 
 0 
 0 
 0 
 0 
 0 
 1 
 0 
 0 
 1 
 1 
 1 
 1 
 0 
 0 
 0 
 0 
 0 
 1 
 0 
 28 
 0 
 1 
 0 
 0 
 1 
 1 
 1 
 1 
 0 
 1 
 1 
 0 
 0 
 1 
 0 
 0 
 0 
 1 
 0 
 28 
 1 
 1 
 1 
 1 
 0 
 0 
 27 
 0 
 0 
 1 
 0 
 27 
 0 
 27 
 0 
 28 
 1 
 1 
 1 
 1 
 27 
 0 
 0 
 0 
 0 
 0 
 0 
 28 
 0 
 0 
 0 
 0 
 1 
 1 
 1 
 1 
 0 
 0 
 0 
 28 
 0 
 28 
 28 
 0 
 1 
 1 
 0 
 0 
 1 
 1 
 1 
 1 
 0 
 1 
 0 
 28 
 0 
 0 
 0 
 0 
 0 
 0 
 0 
 0 
 1 
 1 
 1 
 1 
 0 
 1 
 0 
 0 
 0 
 0 
 1 
 0 
 0 
 0 
 0 
 27 
 1 
 1 
 1 
 1 
 0 
 0 
 0 
 1 
 27 
 0 
 1 
 0 
 0 
 28 
 1 
 0 
 0 
 6 
 1 
 1 
 0 
 0 
 27 
 1 
 0 
 0 
 1 
 0 
 28 
 0 
 1 
 0 
 0 
 6 
 1 
 1 
 0 
 0 
 0 
 0 
 0 
 0 
 0 
 0 
 28 
 0 
 0 
 0 
 1 
 1 
 1 
 1 
 0 
 28 
 28 
 28 
 28 
 0 
 28 
 0 
 28 
 0 
 0 
 0 
 1 
 1 
 1 
 1 
 0 
 0 
 0 
 0 
 0 
 0 
 28 
 0 
 0 
 0 
 28 
 28 
 1 
 1 
 1 
 1 
 0 
 0 
 0 
 1 
 1 
 0 
 28 
 0 
 0 
 0 
 0 
 0 
 1 
 1 
 1 
 1 
 27 
 27 
 0 
 0 
 0 
 0 
 0 
 0 
 0 
 1 
 1 
 0 
 1 
 1 
 1 
 1 
 0 
 0 
 0 
 0 
 28 
 0 
 27 
 0 
 0 
 27 
 0 
 0 
 1 
 1 
 1 
 1 
 0 
 1 
 1 
 0 
 28 
 0 
 1 
 1 
 0 
 27 
 0 
 0 
 1 
 1 
 1 
 1 
 0 
 0 
 0 
 0 
 28 
 0 
 0 
 27 
 0 
 28 
 28 
 28 
 1 
 1 
 1 
 1 
 0 
 27 
 0 
 0 
 0 
 0 
 0 
 0 
 0 
 0 
 0 
 0 
 1 
 1 
 1 
 1 
 1 
 1 
 1 
 1 
 1 
 0 
 0 
 1 
 1 
 1 
 1 
 1 
 1 
 1 
 1 
 1 
 1 
 1 
 1 
 1 
 1 
 6 
 6 
 1 
 1 
 1 
 1 
 1 
 1 
 1 
