SPECTRE
 3 
 1 
 1 
 1 
 1 
 1 
 1 
 1 
 1 
 1 
 1 
 1 
 1 
 1 
 1 
 1 
 1 
 1 
 1 
 1 
 1 
 1 
 1 
 1 
 1 
 1 
 1 
 1 
 1 
 1 
 1 
 1 
 1 
 1 
 1 
 0 
 0 
 0 
 0 
 0 
 0 
 0 
 0 
 0 
 0 
 9 
 28 
 28 
 1 
 1 
 1 
 0 
 1 
 1 
 1 
 1 
 1 
 1 
 1 
 1 
 1 
 1 
 1 
 28 
 1 
 1 
 1 
 0 
 0 
 0 
 0 
 0 
 0 
 0 
 0 
 0 
 0 
 0 
 1 
 28 
 1 
 1 
 1 
 0 
 0 
 0 
 0 
 0 
 0 
 0 
 0 
 0 
 0 
 0 
 1 
 28 
 1 
 1 
 1 
 0 
 0 
 0 
 0 
 0 
 0 
 0 
 0 
 0 
 0 
 0 
 1 
 28 
 1 
 1 
 1 
 0 
 0 
 0 
 0 
 11 
 0 
 0 
 0 
 0 
 0 
 0 
 1 
 28 
 1 
 1 
 1 
 0 
 0 
 0 
 0 
 0 
 0 
 0 
 0 
 0 
 0 
 0 
 1 
 28 
 1 
 1 
 1 
 0 
 0 
 0 
 0 
 0 
 0 
 0 
 0 
 0 
 0 
 0 
 1 
 28 
 1 
 1 
 1 
 1 
 1 
 1 
 1 
 1 
 1 
 1 
 1 
 1 
 1 
 27 
 1 
 28 
 1 
 6 
 0 
 0 
 0 
 0 
 0 
 0 
 0 
 0 
 0 
 0 
 0 
 0 
 1 
 28 
 1 
 6 
 0 
 0 
 0 
 0 
 0 
 0 
 0 
 0 
 0 
 0 
 0 
 0 
 1 
 28 
 1 
 1 
 1 
 1 
 1 
 1 
 1 
 1 
 1 
 1 
 1 
 1 
 1 
 0 
 1 
 28 
 1 
 1 
 1 
 0 
 0 
 0 
 0 
 0 
 0 
 0 
 0 
 0 
 0 
 0 
 1 
 28 
 1 
 1 
 1 
 0 
 0 
 0 
 0 
 0 
 0 
 0 
 0 
 0 
 0 
 0 
 1 
 28 
 1 
 1 
 1 
 0 
 0 
 0 
 0 
 2 
 0 
 0 
 0 
 0 
 0 
 0 
 1 
 28 
 1 
 1 
 1 
 0 
 0 
 0 
 0 
 0 
 0 
 0 
 0 
 0 
 0 
 0 
 1 
 28 
 1 
 1 
 1 
 0 
 0 
 0 
 0 
 0 
 0 
 0 
 0 
 0 
 0 
 0 
 1 
 28 
 1 
 1 
 1 
 0 
 0 
 0 
 0 
 0 
 0 
 0 
 0 
 0 
 0 
 0 
 1 
 28 
 1 
 1 
 1 
 0 
 1 
 1 
 1 
 1 
 1 
 1 
 1 
 1 
 1 
 1 
 1 
 28 
 1 
 1 
 1 
 0 
 0 
 0 
 0 
 0 
 0 
 0 
 0 
 0 
 0 
 9 
 28 
 28 
 1 
 1 
 1 
 1 
 1 
 1 
 1 
 1 
 1 
 1 
 1 
 1 
 1 
 1 
 1 
 1 
 1 
 1 
 1 
 1 
 1 
 1 
 1 
 1 
 1 
 1 
 1 
 1 
 1 
 1 
 1 
 1 
 1 
