PORTAL
 3 
 2 
 2 
 2 
 1 
 1 
 1 
 1 
 1 
 1 
 1 
 1 
 1 
 1 
 2 
 2 
 2 
 2 
 23 
 2 
 1 
 1 
 1 
 2 
 2 
 2 
 2 
 1 
 1 
 1 
 2 
 23 
 2 
 2 
 23 
 2 
 1 
 1 
 2 
 2 
 0 
 0 
 2 
 2 
 1 
 1 
 2 
 23 
 2 
 2 
 23 
 2 
 1 
 1 
 2 
 2 
 11 
 0 
 2 
 2 
 1 
 1 
 2 
 23 
 2 
 2 
 23 
 2 
 1 
 1 
 1 
 2 
 0 
 0 
 2 
 1 
 1 
 1 
 2 
 23 
 2 
 2 
 23 
 2 
 2 
 2 
 2 
 0 
 0 
 0 
 0 
 2 
 2 
 2 
 2 
 23 
 2 
 2 
 23 
 2 
 0 
 0 
 0 
 0 
 0 
 0 
 0 
 0 
 0 
 0 
 2 
 23 
 2 
 2 
 23 
 2 
 0 
 0 
 0 
 3 
 0 
 0 
 3 
 0 
 0 
 0 
 2 
 23 
 2 
 2 
 23 
 2 
 0 
 0 
 0 
 0 
 0 
 0 
 0 
 0 
 0 
 0 
 2 
 23 
 2 
 2 
 23 
 2 
 0 
 0 
 0 
 3 
 0 
 0 
 3 
 0 
 0 
 0 
 2 
 23 
 2 
 2 
 23 
 2 
 0 
 0 
 0 
 0 
 0 
 0 
 0 
 0 
 0 
 0 
 2 
 23 
 2 
 2 
 23 
 2 
 0 
 0 
 0 
 4 
 0 
 0 
 4 
 0 
 0 
 0 
 2 
 23 
 2 
 2 
 23 
 2 
 0 
 0 
 0 
 4 
 0 
 0 
 4 
 0 
 0 
 0 
 2 
 23 
 2 
 2 
 23 
 2 
 0 
 0 
 0 
 4 
 0 
 0 
 4 
 0 
 0 
 0 
 2 
 23 
 2 
 2 
 23 
 2 
 0 
 0 
 0 
 4 
 0 
 0 
 4 
 0 
 0 
 0 
 2 
 23 
 2 
 2 
 23 
 2 
 0 
 0 
 0 
 4 
 0 
 0 
 4 
 0 
 0 
 0 
 2 
 23 
 2 
 2 
 23 
 2 
 0 
 0 
 0 
 2 
 0 
 0 
 2 
 0 
 0 
 0 
 2 
 23 
 2 
 2 
 23 
 2 
 0 
 0 
 2 
 2 
 0 
 0 
 2 
 2 
 0 
 0 
 2 
 23 
 2 
 2 
 23 
 2 
 2 
 2 
 2 
 0 
 0 
 0 
 0 
 2 
 2 
 2 
 2 
 23 
 2 
 2 
 23 
 2 
 1 
 1 
 2 
 8 
 2 
 2 
 6 
 2 
 1 
 1 
 2 
 23 
 2 
 2 
 23 
 2 
 1 
 1 
 2 
 0 
 0 
 0 
 0 
 2 
 1 
 1 
 2 
 23 
 2 
 2 
 23 
 2 
 1 
 1 
 2 
 2 
 0 
 0 
 2 
 2 
 1 
 1 
 2 
 23 
 2 
 2 
 23 
 2 
 1 
 1 
 1 
 2 
 0 
 0 
 2 
 1 
 1 
 1 
 2 
 23 
 2 
 2 
 2 
 2 
 1 
 1 
 1 
 2 
 0 
 0 
 2 
 1 
 1 
 1 
 2 
 2 
 2 
