BOSS
 1 
 2 
 2 
 2 
 2 
 2 
 2 
 2 
 6 
 6 
 2 
 2 
 2 
 2 
 2 
 2 
 2 
 2 
 23 
 23 
 23 
 23 
 2 
 2 
 0 
 0 
 2 
 2 
 23 
 23 
 23 
 23 
 2 
 2 
 23 
 23 
 23 
 2 
 2 
 0 
 0 
 0 
 0 
 2 
 2 
 23 
 23 
 23 
 2 
 2 
 23 
 23 
 2 
 2 
 0 
 43 
 0 
 0 
 43 
 0 
 2 
 2 
 23 
 23 
 2 
 2 
 23 
 2 
 2 
 0 
 0 
 0 
 0 
 0 
 0 
 0 
 0 
 2 
 2 
 23 
 2 
 2 
 2 
 2 
 0 
 0 
 0 
 0 
 0 
 0 
 0 
 0 
 0 
 0 
 2 
 2 
 2 
 2 
 2 
 0 
 0 
 0 
 0 
 0 
 0 
 0 
 0 
 0 
 0 
 0 
 0 
 2 
 2 
 2 
 2 
 0 
 0 
 0 
 0 
 0 
 0 
 0 
 0 
 0 
 0 
 0 
 0 
 2 
 2 
 2 
 2 
 0 
 0 
 0 
 0 
 0 
 0 
 0 
 0 
 0 
 0 
 0 
 0 
 2 
 2 
 2 
 2 
 0 
 0 
 0 
 0 
 0 
 0 
 0 
 0 
 0 
 0 
 0 
 0 
 2 
 2 
 2 
 2 
 0 
 0 
 0 
 0 
 0 
 0 
 0 
 0 
 0 
 0 
 0 
 0 
 2 
 2 
 2 
 2 
 0 
 0 
 0 
 0 
 0 
 0 
 0 
 0 
 0 
 0 
 0 
 0 
 2 
 2 
 2 
 2 
 0 
 0 
 0 
 0 
 0 
 0 
 0 
 0 
 0 
 0 
 0 
 0 
 2 
 2 
 2 
 2 
 0 
 0 
 0 
 0 
 0 
 0 
 0 
 0 
 0 
 0 
 0 
 0 
 2 
 2 
 2 
 2 
 0 
 0 
 0 
 0 
 0 
 0 
 0 
 0 
 0 
 0 
 0 
 0 
 2 
 2 
 2 
 2 
 0 
 0 
 0 
 0 
 0 
 0 
 0 
 0 
 0 
 0 
 0 
 0 
 2 
 2 
 2 
 2 
 0 
 0 
 0 
 0 
 0 
 0 
 0 
 0 
 0 
 0 
 0 
 0 
 2 
 2 
 2 
 2 
 0 
 0 
 0 
 0 
 0 
 0 
 0 
 0 
 0 
 0 
 0 
 0 
 2 
 2 
 2 
 2 
 2 
 0 
 0 
 0 
 0 
 0 
 0 
 0 
 0 
 0 
 0 
 2 
 2 
 2 
 2 
 23 
 2 
 2 
 0 
 0 
 0 
 0 
 0 
 0 
 0 
 0 
 2 
 2 
 23 
 2 
 2 
 23 
 23 
 2 
 2 
 0 
 43 
 0 
 0 
 43 
 0 
 2 
 2 
 23 
 23 
 2 
 2 
 23 
 23 
 23 
 2 
 2 
 0 
 0 
 0 
 0 
 2 
 2 
 23 
 23 
 23 
 2 
 2 
 23 
 23 
 23 
 23 
 2 
 2 
 0 
 0 
 2 
 2 
 23 
 23 
 23 
 23 
 2 
 2 
 2 
 2 
 2 
 2 
 2 
 2 
 6 
 6 
 2 
 2 
 2 
 2 
 2 
 2 
 2 
