KNIGHT
 3 
 2 
 1 
 2 
 1 
 2 
 1 
 2 
 6 
 6 
 1 
 2 
 1 
 2 
 1 
 2 
 1 
 1 
 2 
 1 
 2 
 1 
 2 
 1 
 0 
 0 
 2 
 1 
 2 
 1 
 2 
 1 
 2 
 2 
 1 
 0 
 0 
 0 
 0 
 0 
 0 
 0 
 0 
 0 
 0 
 0 
 0 
 2 
 1 
 1 
 2 
 0 
 0 
 0 
 0 
 0 
 0 
 0 
 0 
 0 
 0 
 0 
 0 
 1 
 2 
 2 
 1 
 0 
 0 
 0 
 0 
 0 
 0 
 0 
 0 
 0 
 0 
 0 
 0 
 2 
 1 
 1 
 2 
 0 
 0 
 0 
 0 
 0 
 0 
 0 
 0 
 0 
 0 
 0 
 0 
 1 
 2 
 2 
 1 
 0 
 3 
 0 
 0 
 0 
 0 
 0 
 0 
 0 
 0 
 0 
 0 
 2 
 1 
 1 
 2 
 0 
 0 
 0 
 3 
 0 
 0 
 0 
 0 
 0 
 0 
 0 
 0 
 1 
 2 
 2 
 1 
 0 
 0 
 0 
 0 
 0 
 3 
 0 
 0 
 0 
 0 
 0 
 0 
 2 
 1 
 1 
 2 
 0 
 4 
 0 
 0 
 0 
 0 
 0 
 3 
 0 
 0 
 0 
 0 
 1 
 2 
 2 
 1 
 0 
 0 
 0 
 4 
 0 
 0 
 0 
 0 
 0 
 0 
 0 
 0 
 2 
 1 
 6 
 0 
 0 
 0 
 0 
 0 
 0 
 4 
 0 
 0 
 0 
 0 
 0 
 0 
 1 
 2 
 6 
 0 
 0 
 0 
 0 
 0 
 0 
 4 
 0 
 0 
 0 
 0 
 0 
 0 
 2 
 1 
 1 
 2 
 0 
 0 
 0 
 4 
 0 
 0 
 0 
 0 
 0 
 0 
 0 
 0 
 1 
 2 
 2 
 1 
 0 
 4 
 0 
 0 
 0 
 0 
 0 
 3 
 0 
 0 
 0 
 0 
 2 
 1 
 1 
 2 
 0 
 0 
 0 
 0 
 0 
 3 
 0 
 0 
 0 
 0 
 0 
 0 
 1 
 2 
 2 
 1 
 0 
 0 
 0 
 3 
 0 
 0 
 0 
 0 
 0 
 0 
 0 
 0 
 2 
 1 
 1 
 2 
 0 
 3 
 0 
 0 
 0 
 0 
 0 
 0 
 0 
 0 
 0 
 0 
 1 
 2 
 2 
 1 
 0 
 0 
 0 
 0 
 0 
 0 
 0 
 0 
 0 
 0 
 0 
 0 
 2 
 1 
 1 
 2 
 0 
 0 
 0 
 0 
 0 
 0 
 0 
 0 
 0 
 0 
 0 
 0 
 1 
 2 
 2 
 1 
 0 
 0 
 0 
 0 
 0 
 0 
 0 
 0 
 0 
 0 
 0 
 0 
 2 
 1 
 1 
 2 
 0 
 0 
 0 
 0 
 0 
 0 
 0 
 0 
 0 
 0 
 0 
 0 
 1 
 2 
 2 
 1 
 2 
 1 
 2 
 1 
 2 
 1 
 2 
 1 
 2 
 1 
 2 
 1 
 2 
 1 
 1 
 2 
 1 
 2 
 1 
 2 
 1 
 2 
 1 
 2 
 1 
 2 
 1 
 2 
 1 
 2 
 16 
