OGRE
 3 
 33 
 33 
 33 
 1 
 1 
 1 
 0 
 1 
 1 
 1 
 33 
 33 
 23 
 23 
 23 
 23 
 33 
 33 
 33 
 1 
 0 
 1 
 0 
 1 
 0 
 1 
 33 
 33 
 23 
 23 
 23 
 23 
 33 
 33 
 33 
 1 
 0 
 0 
 0 
 0 
 0 
 1 
 33 
 33 
 23 
 23 
 33 
 23 
 33 
 33 
 33 
 1 
 0 
 0 
 0 
 0 
 0 
 1 
 33 
 33 
 33 
 23 
 33 
 33 
 33 
 33 
 33 
 1 
 0 
 4 
 0 
 4 
 0 
 1 
 33 
 33 
 33 
 23 
 33 
 33 
 33 
 33 
 33 
 1 
 0 
 0 
 0 
 0 
 0 
 1 
 33 
 33 
 33 
 23 
 23 
 33 
 33 
 33 
 33 
 1 
 1 
 1 
 0 
 1 
 1 
 1 
 33 
 33 
 33 
 23 
 23 
 23 
 33 
 33 
 33 
 33 
 33 
 2 
 0 
 2 
 33 
 33 
 33 
 33 
 33 
 33 
 23 
 23 
 33 
 33 
 33 
 33 
 33 
 2 
 0 
 0 
 2 
 33 
 33 
 33 
 33 
 33 
 23 
 23 
 33 
 33 
 33 
 33 
 33 
 33 
 2 
 0 
 0 
 2 
 33 
 33 
 33 
 33 
 33 
 23 
 33 
 33 
 33 
 33 
 33 
 33 
 33 
 2 
 0 
 2 
 33 
 33 
 33 
 33 
 33 
 23 
 33 
 33 
 33 
 33 
 33 
 33 
 33 
 0 
 0 
 0 
 33 
 33 
 33 
 33 
 33 
 23 
 23 
 33 
 33 
 33 
 33 
 33 
 33 
 0 
 4 
 0 
 33 
 33 
 33 
 33 
 33 
 33 
 23 
 23 
 33 
 33 
 33 
 33 
 33 
 0 
 0 
 0 
 33 
 33 
 33 
 33 
 33 
 33 
 23 
 23 
 33 
 33 
 33 
 33 
 33 
 0 
 4 
 0 
 33 
 33 
 33 
 33 
 33 
 33 
 23 
 23 
 23 
 33 
 33 
 33 
 33 
 0 
 0 
 0 
 33 
 33 
 33 
 33 
 33 
 33 
 23 
 23 
 23 
 33 
 33 
 33 
 33 
 0 
 4 
 0 
 33 
 33 
 33 
 33 
 33 
 33 
 23 
 23 
 23 
 33 
 33 
 33 
 33 
 0 
 0 
 0 
 33 
 33 
 33 
 33 
 33 
 33 
 23 
 23 
 23 
 23 
 33 
 33 
 33 
 33 
 0 
 0 
 0 
 0 
 0 
 0 
 33 
 33 
 23 
 23 
 23 
 23 
 23 
 33 
 33 
 33 
 33 
 33 
 33 
 33 
 33 
 0 
 33 
 33 
 23 
 23 
 23 
 23 
 23 
 33 
 33 
 33 
 33 
 33 
 33 
 33 
 33 
 0 
 0 
 33 
 23 
 23 
 23 
 23 
 23 
 33 
 33 
 33 
 33 
 33 
 33 
 33 
 33 
 33 
 0 
 33 
 23 
 23 
 23 
 23 
 23 
 23 
 33 
 33 
 33 
 33 
 33 
 33 
 33 
 33 
 0 
 6 
 23 
 23 
 23 
 23 
 23 
 23 
 23 
 23 
 23 
 23 
 33 
 33 
 33 
 33 
 33 
 33 
