OGRE
 3 
 23 
 23 
 23 
 23 
 23 
 23 
 23 
 33 
 33 
 33 
 33 
 33 
 33 
 33 
 33 
 33 
 23 
 23 
 23 
 23 
 23 
 23 
 33 
 33 
 33 
 33 
 33 
 33 
 33 
 33 
 33 
 33 
 23 
 23 
 23 
 23 
 33 
 33 
 33 
 33 
 33 
 33 
 33 
 33 
 33 
 33 
 33 
 33 
 23 
 23 
 33 
 33 
 33 
 33 
 33 
 33 
 33 
 33 
 33 
 33 
 33 
 33 
 33 
 33 
 23 
 23 
 33 
 33 
 33 
 33 
 33 
 33 
 33 
 33 
 33 
 33 
 33 
 33 
 33 
 33 
 23 
 33 
 33 
 33 
 33 
 33 
 33 
 33 
 33 
 33 
 33 
 33 
 33 
 33 
 33 
 33 
 23 
 33 
 33 
 33 
 33 
 33 
 33 
 33 
 33 
 33 
 33 
 33 
 33 
 33 
 33 
 33 
 23 
 33 
 33 
 33 
 33 
 33 
 33 
 33 
 33 
 33 
 33 
 33 
 33 
 33 
 33 
 33 
 23 
 33 
 33 
 33 
 33 
 33 
 33 
 33 
 33 
 33 
 33 
 0 
 4 
 33 
 33 
 33 
 23 
 33 
 33 
 33 
 33 
 33 
 33 
 33 
 2 
 0 
 0 
 0 
 0 
 0 
 33 
 33 
 33 
 33 
 33 
 33 
 33 
 33 
 33 
 2 
 0 
 0 
 0 
 0 
 0 
 0 
 0 
 33 
 33 
 33 
 33 
 33 
 33 
 33 
 2 
 0 
 0 
 0 
 0 
 33 
 33 
 0 
 0 
 6 
 33 
 33 
 33 
 33 
 33 
 2 
 0 
 0 
 0 
 0 
 33 
 33 
 33 
 33 
 0 
 6 
 33 
 33 
 33 
 33 
 33 
 2 
 0 
 0 
 4 
 33 
 33 
 33 
 33 
 33 
 33 
 33 
 33 
 33 
 33 
 33 
 33 
 2 
 0 
 0 
 0 
 33 
 33 
 33 
 0 
 0 
 33 
 33 
 33 
 33 
 33 
 33 
 33 
 33 
 2 
 0 
 0 
 0 
 0 
 0 
 0 
 4 
 33 
 33 
 33 
 33 
 33 
 33 
 33 
 33 
 33 
 33 
 33 
 33 
 33 
 33 
 0 
 0 
 0 
 33 
 33 
 33 
 33 
 33 
 2 
 0 
 0 
 0 
 0 
 0 
 33 
 33 
 0 
 0 
 0 
 33 
 33 
 33 
 33 
 2 
 0 
 0 
 2 
 33 
 0 
 0 
 0 
 33 
 0 
 0 
 2 
 33 
 33 
 33 
 33 
 0 
 0 
 2 
 33 
 33 
 33 
 0 
 0 
 0 
 0 
 2 
 33 
 33 
 33 
 33 
 33 
 0 
 2 
 33 
 33 
 33 
 33 
 33 
 0 
 0 
 0 
 2 
 33 
 33 
 33 
 33 
 33 
 0 
 33 
 33 
 33 
 33 
 33 
 33 
 33 
 33 
 2 
 33 
 33 
 33 
 33 
 33 
 33 
 0 
 33 
 33 
 33 
 33 
 33 
 33 
 33 
 33 
 33 
 33 
 33 
 33 
 33 
 33 
 33 
 6 
 33 
 33 
 33 
 33 
 33 
 33 
 33 
 33 
 33 
 33 
 33 
 33 
