OGRE
 3 
 33 
 33 
 33 
 6 
 33 
 33 
 33 
 33 
 33 
 33 
 33 
 33 
 33 
 33 
 33 
 33 
 33 
 33 
 33 
 0 
 33 
 33 
 33 
 33 
 33 
 33 
 33 
 33 
 33 
 33 
 33 
 33 
 33 
 33 
 33 
 0 
 33 
 33 
 33 
 1 
 1 
 1 
 1 
 1 
 1 
 33 
 33 
 33 
 33 
 33 
 33 
 0 
 33 
 33 
 1 
 2 
 0 
 0 
 0 
 0 
 2 
 1 
 33 
 33 
 33 
 33 
 33 
 0 
 0 
 33 
 1 
 0 
 0 
 0 
 0 
 0 
 0 
 1 
 33 
 33 
 33 
 33 
 33 
 33 
 0 
 33 
 1 
 0 
 0 
 4 
 2 
 0 
 0 
 1 
 33 
 33 
 33 
 33 
 33 
 33 
 0 
 0 
 0 
 0 
 0 
 0 
 0 
 0 
 0 
 1 
 33 
 33 
 33 
 33 
 33 
 33 
 33 
 33 
 1 
 0 
 0 
 0 
 0 
 0 
 0 
 1 
 33 
 33 
 33 
 33 
 33 
 33 
 33 
 33 
 1 
 0 
 0 
 0 
 0 
 0 
 0 
 1 
 33 
 33 
 33 
 33 
 33 
 33 
 33 
 33 
 1 
 0 
 0 
 0 
 0 
 0 
 0 
 1 
 33 
 33 
 33 
 33 
 33 
 33 
 33 
 33 
 1 
 0 
 0 
 0 
 0 
 0 
 0 
 1 
 33 
 33 
 33 
 33 
 33 
 33 
 33 
 33 
 1 
 0 
 0 
 0 
 0 
 0 
 0 
 1 
 33 
 33 
 33 
 33 
 33 
 33 
 33 
 33 
 1 
 0 
 0 
 4 
 2 
 0 
 0 
 1 
 33 
 33 
 33 
 33 
 33 
 33 
 33 
 33 
 1 
 0 
 0 
 0 
 0 
 0 
 0 
 1 
 33 
 33 
 33 
 33 
 33 
 33 
 33 
 33 
 1 
 2 
 0 
 0 
 0 
 0 
 2 
 1 
 33 
 33 
 33 
 33 
 33 
 33 
 33 
 33 
 33 
 1 
 1 
 1 
 0 
 1 
 1 
 33 
 33 
 33 
 33 
 33 
 33 
 33 
 33 
 33 
 33 
 33 
 33 
 33 
 0 
 33 
 33 
 33 
 33 
 33 
 33 
 33 
 33 
 33 
 33 
 33 
 33 
 33 
 33 
 0 
 0 
 33 
 33 
 33 
 33 
 33 
 33 
 33 
 33 
 0 
 0 
 0 
 0 
 33 
 33 
 0 
 33 
 33 
 33 
 33 
 33 
 33 
 33 
 33 
 33 
 0 
 33 
 33 
 0 
 0 
 0 
 0 
 33 
 33 
 33 
 33 
 33 
 33 
 33 
 33 
 0 
 0 
 33 
 33 
 33 
 33 
 33 
 33 
 33 
 33 
 33 
 33 
 33 
 33 
 33 
 33 
 0 
 33 
 33 
 33 
 33 
 33 
 33 
 33 
 33 
 33 
 33 
 33 
 33 
 33 
 6 
 0 
 0 
 33 
 33 
 33 
 33 
 33 
 33 
 33 
 33 
 33 
 33 
 33 
 33 
 33 
 33 
 33 
 33 
 33 
 33 
 33 
 33 
 33 
 33 
 33 
 33 
 33 
 33 
 33 
 33 
 33 
