NONE
 0 
 33 
 33 
 33 
 33 
 33 
 33 
 33 
 33 
 33 
 33 
 33 
 33 
 33 
 33 
 33 
 33 
 33 
 33 
 33 
 33 
 33 
 33 
 33 
 33 
 33 
 33 
 33 
 33 
 33 
 33 
 33 
 33 
 33 
 33 
 33 
 33 
 33 
 33 
 33 
 33 
 33 
 33 
 33 
 33 
 33 
 33 
 33 
 33 
 33 
 33 
 33 
 33 
 33 
 33 
 33 
 33 
 33 
 33 
 1 
 1 
 1 
 1 
 1 
 1 
 33 
 33 
 33 
 33 
 33 
 33 
 33 
 33 
 33 
 33 
 1 
 1 
 1 
 1 
 1 
 1 
 33 
 33 
 33 
 33 
 33 
 33 
 33 
 33 
 33 
 33 
 1 
 10 
 0 
 0 
 1 
 1 
 33 
 33 
 33 
 33 
 33 
 33 
 33 
 33 
 33 
 33 
 1 
 1 
 0 
 3 
 1 
 1 
 33 
 33 
 33 
 33 
 33 
 33 
 33 
 33 
 33 
 33 
 1 
 1 
 0 
 30 
 1 
 1 
 33 
 33 
 33 
 33 
 33 
 33 
 33 
 33 
 33 
 33 
 1 
 1 
 0 
 0 
 1 
 1 
 33 
 33 
 33 
 33 
 33 
 1 
 1 
 1 
 1 
 1 
 1 
 1 
 2 
 2 
 1 
 1 
 33 
 33 
 33 
 33 
 33 
 1 
 1 
 1 
 1 
 1 
 1 
 1 
 1 
 1 
 1 
 1 
 33 
 33 
 33 
 33 
 33 
 1 
 1 
 0 
 0 
 0 
 1 
 1 
 1 
 1 
 1 
 1 
 33 
 33 
 33 
 33 
 33 
 1 
 10 
 0 
 0 
 0 
 1 
 1 
 33 
 33 
 33 
 33 
 33 
 33 
 33 
 33 
 33 
 1 
 1 
 0 
 0 
 0 
 1 
 1 
 33 
 33 
 33 
 33 
 33 
 33 
 33 
 33 
 33 
 1 
 1 
 0 
 0 
 0 
 1 
 1 
 33 
 33 
 33 
 33 
 33 
 33 
 33 
 33 
 33 
 1 
 1 
 21 
 21 
 0 
 1 
 1 
 33 
 33 
 33 
 33 
 33 
 33 
 33 
 33 
 33 
 1 
 1 
 32 
 0 
 0 
 1 
 1 
 33 
 33 
 33 
 33 
 33 
 33 
 33 
 33 
 33 
 1 
 1 
 0 
 0 
 0 
 1 
 1 
 33 
 33 
 33 
 33 
 33 
 33 
 33 
 33 
 33 
 1 
 1 
 21 
 0 
 0 
 1 
 1 
 33 
 33 
 33 
 33 
 33 
 33 
 33 
 33 
 33 
 1 
 1 
 1 
 1 
 1 
 1 
 1 
 33 
 33 
 33 
 33 
 33 
 33 
 33 
 33 
 33 
 1 
 1 
 1 
 1 
 1 
 1 
 1 
 33 
 33 
 33 
 33 
 33 
 33 
 33 
 33 
 33 
 33 
 33 
 33 
 33 
 33 
 33 
 33 
 33 
 33 
 33 
 33 
 33 
 33 
 33 
 33 
 33 
 33 
 33 
 33 
 33 
 33 
 33 
 33 
 33 
 33 
 33 
 33 
 33 
 33 
 33 
 33 
 33 
 33 
 33 
 33 
 33 
 33 
 33 
 33 
 33 
 33 
 33 
 33 
