NONE
 0 
 33 
 33 
 33 
 33 
 33 
 33 
 33 
 33 
 33 
 33 
 33 
 33 
 33 
 33 
 33 
 33 
 33 
 33 
 33 
 33 
 33 
 33 
 33 
 33 
 33 
 33 
 33 
 33 
 33 
 33 
 33 
 33 
 33 
 33 
 33 
 33 
 33 
 1 
 1 
 1 
 1 
 1 
 1 
 1 
 33 
 33 
 33 
 33 
 33 
 33 
 33 
 33 
 33 
 1 
 1 
 1 
 1 
 1 
 1 
 1 
 33 
 33 
 33 
 33 
 33 
 33 
 33 
 33 
 33 
 1 
 1 
 0 
 0 
 0 
 1 
 1 
 33 
 33 
 33 
 33 
 33 
 33 
 33 
 33 
 33 
 1 
 10 
 0 
 0 
 0 
 1 
 1 
 33 
 33 
 33 
 33 
 33 
 33 
 33 
 33 
 33 
 1 
 1 
 0 
 0 
 0 
 1 
 1 
 33 
 33 
 33 
 33 
 33 
 33 
 33 
 33 
 33 
 1 
 1 
 0 
 0 
 0 
 1 
 1 
 33 
 33 
 33 
 33 
 33 
 33 
 33 
 33 
 33 
 1 
 1 
 0 
 32 
 0 
 1 
 1 
 33 
 33 
 33 
 33 
 33 
 33 
 33 
 33 
 33 
 1 
 1 
 0 
 0 
 0 
 1 
 1 
 33 
 33 
 33 
 33 
 33 
 33 
 1 
 1 
 1 
 1 
 1 
 1 
 1 
 1 
 1 
 1 
 1 
 1 
 1 
 1 
 33 
 33 
 1 
 1 
 1 
 1 
 1 
 1 
 1 
 1 
 1 
 1 
 1 
 1 
 1 
 1 
 33 
 33 
 1 
 1 
 0 
 0 
 0 
 0 
 1 
 1 
 0 
 0 
 0 
 0 
 0 
 0 
 33 
 33 
 1 
 2 
 0 
 0 
 38 
 38 
 1 
 1 
 0 
 0 
 0 
 0 
 0 
 0 
 33 
 33 
 1 
 2 
 30 
 0 
 38 
 38 
 1 
 1 
 9 
 1 
 1 
 1 
 1 
 1 
 33 
 33 
 1 
 2 
 0 
 0 
 38 
 38 
 1 
 1 
 0 
 0 
 0 
 0 
 0 
 1 
 33 
 33 
 1 
 1 
 0 
 0 
 0 
 0 
 1 
 1 
 1 
 1 
 1 
 1 
 0 
 1 
 33 
 33 
 1 
 10 
 0 
 0 
 0 
 0 
 1 
 1 
 1 
 1 
 1 
 10 
 0 
 1 
 33 
 33 
 1 
 1 
 0 
 3 
 0 
 0 
 1 
 1 
 1 
 1 
 1 
 1 
 1 
 1 
 33 
 33 
 1 
 1 
 0 
 0 
 0 
 0 
 1 
 1 
 1 
 1 
 1 
 1 
 1 
 1 
 33 
 33 
 1 
 1 
 1 
 1 
 1 
 1 
 1 
 1 
 33 
 33 
 33 
 33 
 33 
 33 
 33 
 33 
 1 
 1 
 1 
 1 
 1 
 1 
 1 
 1 
 33 
 33 
 33 
 33 
 33 
 33 
 33 
 33 
 33 
 33 
 33 
 33 
 33 
 33 
 33 
 33 
 33 
 33 
 33 
 33 
 33 
 33 
 33 
 33 
 33 
 33 
 33 
 33 
 33 
 33 
 33 
 33 
 33 
 33 
 33 
 33 
 33 
 33 
