NONE
 0 
 33 
 33 
 33 
 33 
 33 
 33 
 33 
 33 
 33 
 33 
 33 
 33 
 33 
 33 
 33 
 33 
 33 
 33 
 33 
 33 
 33 
 33 
 33 
 33 
 33 
 33 
 33 
 33 
 33 
 33 
 33 
 33 
 33 
 33 
 33 
 33 
 33 
 33 
 33 
 33 
 33 
 33 
 33 
 33 
 33 
 33 
 33 
 33 
 33 
 33 
 33 
 33 
 1 
 1 
 1 
 1 
 1 
 1 
 1 
 1 
 33 
 33 
 33 
 33 
 33 
 33 
 33 
 33 
 1 
 1 
 1 
 1 
 1 
 1 
 1 
 1 
 33 
 33 
 33 
 33 
 33 
 33 
 33 
 33 
 1 
 10 
 0 
 0 
 0 
 0 
 1 
 1 
 33 
 33 
 33 
 33 
 33 
 33 
 33 
 33 
 1 
 1 
 0 
 0 
 29 
 0 
 1 
 1 
 33 
 33 
 33 
 33 
 33 
 33 
 33 
 33 
 1 
 1 
 0 
 0 
 0 
 0 
 1 
 1 
 33 
 33 
 33 
 33 
 33 
 33 
 33 
 33 
 1 
 1 
 1 
 1 
 1 
 1 
 1 
 1 
 33 
 33 
 33 
 33 
 33 
 33 
 33 
 33 
 1 
 1 
 1 
 1 
 1 
 1 
 1 
 1 
 33 
 33 
 33 
 33 
 33 
 33 
 33 
 33 
 33 
 33 
 33 
 33 
 1 
 1 
 1 
 1 
 33 
 33 
 33 
 33 
 33 
 33 
 33 
 33 
 33 
 33 
 33 
 33 
 1 
 1 
 1 
 1 
 33 
 33 
 33 
 33 
 33 
 33 
 33 
 33 
 33 
 33 
 33 
 33 
 1 
 1 
 1 
 1 
 1 
 1 
 1 
 1 
 33 
 33 
 33 
 33 
 33 
 33 
 33 
 33 
 1 
 1 
 1 
 1 
 1 
 1 
 1 
 1 
 33 
 33 
 33 
 33 
 33 
 33 
 33 
 33 
 1 
 1 
 1 
 1 
 10 
 0 
 1 
 1 
 33 
 33 
 33 
 33 
 33 
 33 
 33 
 33 
 1 
 1 
 1 
 1 
 1 
 0 
 1 
 1 
 33 
 33 
 33 
 33 
 33 
 33 
 33 
 33 
 1 
 1 
 1 
 0 
 0 
 0 
 1 
 1 
 33 
 33 
 33 
 33 
 1 
 1 
 1 
 1 
 1 
 1 
 1 
 31 
 0 
 0 
 1 
 1 
 33 
 33 
 33 
 33 
 1 
 1 
 1 
 1 
 1 
 1 
 1 
 0 
 0 
 0 
 1 
 1 
 33 
 33 
 33 
 33 
 1 
 1 
 1 
 10 
 0 
 1 
 1 
 1 
 1 
 1 
 1 
 1 
 33 
 33 
 33 
 33 
 1 
 1 
 1 
 1 
 0 
 1 
 1 
 1 
 1 
 1 
 1 
 1 
 33 
 33 
 33 
 33 
 1 
 1 
 3 
 0 
 0 
 1 
 1 
 33 
 33 
 33 
 33 
 33 
 33 
 33 
 33 
 33 
 1 
 1 
 0 
 0 
 3 
 1 
 1 
 33 
 33 
 33 
 33 
 33 
 33 
 33 
 33 
 33 
 1 
 1 
 1 
 1 
 1 
 1 
 1 
 33 
 33 
 33 
 33 
 33 
