NONE
 0 
 33 
 33 
 33 
 33 
 33 
 33 
 33 
 33 
 33 
 33 
 33 
 33 
 33 
 33 
 33 
 33 
 33 
 33 
 33 
 33 
 33 
 33 
 33 
 33 
 33 
 33 
 33 
 33 
 33 
 33 
 33 
 33 
 33 
 33 
 33 
 33 
 33 
 33 
 33 
 33 
 33 
 2 
 2 
 2 
 2 
 2 
 33 
 33 
 33 
 33 
 33 
 33 
 33 
 33 
 33 
 33 
 2 
 2 
 1 
 1 
 1 
 2 
 2 
 33 
 33 
 33 
 33 
 33 
 33 
 33 
 33 
 2 
 2 
 1 
 1 
 1 
 22 
 1 
 2 
 33 
 33 
 33 
 33 
 33 
 33 
 33 
 33 
 2 
 1 
 0 
 3 
 1 
 1 
 1 
 2 
 33 
 33 
 33 
 33 
 33 
 33 
 33 
 33 
 2 
 1 
 0 
 0 
 0 
 0 
 1 
 2 
 33 
 33 
 33 
 33 
 33 
 33 
 33 
 33 
 2 
 1 
 0 
 0 
 0 
 0 
 1 
 2 
 33 
 33 
 33 
 33 
 33 
 33 
 33 
 33 
 2 
 1 
 0 
 0 
 0 
 0 
 1 
 2 
 33 
 33 
 33 
 33 
 33 
 33 
 33 
 33 
 2 
 1 
 0 
 0 
 0 
 0 
 1 
 2 
 33 
 2 
 33 
 2 
 33 
 2 
 33 
 2 
 2 
 1 
 0 
 0 
 0 
 2 
 2 
 2 
 33 
 0 
 0 
 0 
 0 
 0 
 0 
 0 
 0 
 0 
 0 
 0 
 0 
 2 
 0 
 2 
 33 
 0 
 0 
 0 
 0 
 0 
 0 
 0 
 0 
 0 
 0 
 0 
 0 
 2 
 0 
 2 
 33 
 2 
 33 
 2 
 33 
 2 
 33 
 2 
 2 
 1 
 0 
 0 
 0 
 2 
 2 
 2 
 33 
 33 
 33 
 33 
 33 
 33 
 33 
 33 
 2 
 1 
 0 
 0 
 0 
 0 
 1 
 2 
 33 
 33 
 33 
 33 
 33 
 33 
 33 
 33 
 2 
 1 
 0 
 0 
 0 
 0 
 1 
 2 
 33 
 33 
 33 
 33 
 2 
 2 
 2 
 2 
 2 
 1 
 0 
 0 
 0 
 0 
 1 
 2 
 33 
 33 
 33 
 33 
 2 
 10 
 0 
 0 
 13 
 13 
 0 
 0 
 0 
 0 
 1 
 2 
 33 
 33 
 33 
 33 
 2 
 2 
 2 
 2 
 2 
 1 
 0 
 3 
 1 
 1 
 1 
 2 
 33 
 33 
 33 
 33 
 33 
 33 
 33 
 33 
 2 
 2 
 1 
 1 
 1 
 22 
 1 
 2 
 33 
 33 
 33 
 33 
 33 
 33 
 33 
 33 
 33 
 2 
 2 
 1 
 1 
 1 
 2 
 2 
 33 
 33 
 33 
 33 
 33 
 33 
 33 
 33 
 33 
 33 
 2 
 2 
 2 
 2 
 2 
 33 
 33 
 33 
 33 
 33 
 33 
 33 
 33 
 33 
 33 
 33 
 33 
 33 
 33 
 33 
 33 
 33 
 33 
 33 
 33 
 33 
 33 
 33 
 33 
 33 
 33 
 33 
 33 
 33 
 33 
 33 
 33 
 33 
 33 
