NONE
 0 
 33 
 33 
 33 
 33 
 33 
 33 
 33 
 0 
 0 
 33 
 33 
 33 
 33 
 33 
 33 
 33 
 33 
 33 
 33 
 33 
 33 
 33 
 33 
 0 
 0 
 33 
 33 
 33 
 33 
 33 
 33 
 33 
 33 
 33 
 33 
 1 
 1 
 1 
 1 
 0 
 0 
 1 
 1 
 1 
 1 
 33 
 33 
 33 
 33 
 33 
 1 
 1 
 23 
 1 
 2 
 9 
 9 
 2 
 1 
 23 
 1 
 1 
 33 
 33 
 33 
 33 
 1 
 23 
 1 
 1 
 0 
 0 
 0 
 0 
 1 
 1 
 23 
 1 
 33 
 33 
 33 
 33 
 1 
 1 
 1 
 0 
 0 
 0 
 0 
 0 
 0 
 1 
 1 
 1 
 33 
 33 
 33 
 33 
 1 
 23 
 1 
 0 
 0 
 0 
 0 
 0 
 0 
 1 
 23 
 1 
 33 
 33 
 33 
 33 
 1 
 1 
 1 
 0 
 0 
 0 
 0 
 0 
 0 
 1 
 1 
 1 
 33 
 33 
 33 
 33 
 1 
 23 
 1 
 0 
 0 
 2 
 2 
 0 
 0 
 1 
 23 
 1 
 33 
 33 
 33 
 33 
 1 
 1 
 1 
 0 
 0 
 2 
 2 
 0 
 0 
 1 
 1 
 1 
 33 
 33 
 33 
 33 
 1 
 2 
 0 
 0 
 0 
 0 
 0 
 0 
 0 
 0 
 2 
 1 
 33 
 33 
 33 
 33 
 1 
 1 
 0 
 0 
 0 
 0 
 0 
 0 
 0 
 0 
 9 
 0 
 0 
 0 
 33 
 33 
 1 
 1 
 0 
 0 
 0 
 0 
 0 
 0 
 0 
 0 
 9 
 0 
 0 
 0 
 33 
 33 
 1 
 2 
 0 
 0 
 0 
 0 
 0 
 0 
 0 
 0 
 2 
 1 
 33 
 33 
 33 
 33 
 1 
 1 
 1 
 0 
 0 
 2 
 2 
 0 
 0 
 1 
 1 
 1 
 33 
 33 
 33 
 33 
 1 
 23 
 1 
 0 
 0 
 2 
 2 
 0 
 0 
 1 
 23 
 1 
 33 
 33 
 33 
 33 
 1 
 1 
 1 
 0 
 0 
 0 
 0 
 0 
 0 
 1 
 1 
 1 
 33 
 33 
 33 
 33 
 1 
 23 
 1 
 0 
 0 
 0 
 0 
 0 
 0 
 1 
 23 
 1 
 33 
 33 
 33 
 33 
 1 
 1 
 1 
 0 
 0 
 0 
 0 
 0 
 0 
 1 
 1 
 1 
 33 
 33 
 33 
 33 
 1 
 23 
 1 
 1 
 0 
 0 
 0 
 0 
 1 
 1 
 23 
 1 
 33 
 33 
 33 
 33 
 1 
 1 
 23 
 1 
 2 
 1 
 1 
 2 
 1 
 23 
 1 
 1 
 33 
 33 
 33 
 33 
 33 
 1 
 1 
 1 
 1 
 1 
 1 
 1 
 1 
 1 
 1 
 33 
 33 
 33 
 33 
 33 
 33 
 33 
 33 
 33 
 33 
 33 
 33 
 33 
 33 
 33 
 33 
 33 
 33 
 33 
 33 
 33 
 33 
 33 
 33 
 33 
 33 
 33 
 33 
 33 
 33 
 33 
 33 
 33 
 33 
 33 
