NONE
 0 
 33 
 33 
 33 
 33 
 33 
 33 
 33 
 33 
 33 
 33 
 33 
 33 
 33 
 33 
 33 
 33 
 33 
 33 
 33 
 33 
 33 
 33 
 33 
 33 
 33 
 33 
 33 
 33 
 33 
 33 
 33 
 33 
 33 
 33 
 33 
 33 
 33 
 33 
 33 
 33 
 33 
 33 
 33 
 33 
 33 
 33 
 33 
 33 
 33 
 33 
 33 
 33 
 33 
 33 
 33 
 33 
 33 
 33 
 33 
 33 
 33 
 33 
 33 
 33 
 33 
 33 
 1 
 1 
 1 
 1 
 1 
 1 
 1 
 1 
 1 
 1 
 1 
 33 
 33 
 33 
 33 
 33 
 1 
 1 
 1 
 1 
 1 
 1 
 1 
 1 
 1 
 1 
 1 
 33 
 33 
 33 
 33 
 33 
 1 
 1 
 0 
 0 
 0 
 0 
 0 
 0 
 0 
 1 
 1 
 33 
 33 
 33 
 33 
 33 
 1 
 10 
 0 
 0 
 0 
 0 
 0 
 0 
 0 
 1 
 1 
 33 
 33 
 33 
 33 
 33 
 1 
 1 
 0 
 0 
 0 
 0 
 0 
 0 
 0 
 1 
 1 
 33 
 33 
 33 
 33 
 33 
 1 
 1 
 38 
 0 
 0 
 0 
 0 
 0 
 0 
 1 
 1 
 33 
 33 
 33 
 33 
 33 
 1 
 1 
 0 
 0 
 0 
 0 
 0 
 0 
 0 
 1 
 1 
 33 
 33 
 33 
 33 
 33 
 1 
 1 
 2 
 2 
 2 
 0 
 0 
 0 
 0 
 1 
 1 
 33 
 33 
 33 
 33 
 33 
 1 
 1 
 0 
 0 
 32 
 0 
 0 
 0 
 0 
 1 
 1 
 33 
 33 
 33 
 33 
 33 
 1 
 1 
 20 
 0 
 2 
 0 
 0 
 0 
 0 
 1 
 1 
 33 
 33 
 33 
 33 
 33 
 1 
 1 
 0 
 0 
 2 
 0 
 0 
 0 
 0 
 1 
 1 
 33 
 33 
 33 
 33 
 33 
 1 
 1 
 36 
 0 
 30 
 0 
 0 
 0 
 0 
 1 
 1 
 33 
 33 
 33 
 33 
 33 
 1 
 1 
 37 
 0 
 2 
 0 
 0 
 0 
 0 
 1 
 1 
 33 
 33 
 33 
 33 
 33 
 1 
 1 
 1 
 1 
 1 
 1 
 1 
 1 
 1 
 1 
 1 
 33 
 33 
 33 
 33 
 33 
 1 
 1 
 1 
 1 
 1 
 1 
 1 
 1 
 1 
 1 
 1 
 33 
 33 
 33 
 33 
 33 
 33 
 33 
 33 
 33 
 33 
 33 
 33 
 33 
 33 
 33 
 33 
 33 
 33 
 33 
 33 
 33 
 33 
 33 
 33 
 33 
 33 
 33 
 33 
 33 
 33 
 33 
 33 
 33 
 33 
 33 
 33 
 33 
 33 
 33 
 33 
 33 
 33 
 33 
 33 
 33 
 33 
 33 
 33 
 33 
 33 
 33 
 33 
 33 
 33 
 33 
 33 
 33 
 33 
 33 
 33 
 33 
 33 
 33 
 33 
 33 
 33 
 33 
 33 
 33 
 33 
 33 
 33 
 33 
 33 
 33 
 33 
 33 
 33 
 33 
 33 
 33 
 33 
 33 
