NONE
 0 
 33 
 33 
 33 
 33 
 33 
 33 
 33 
 33 
 33 
 33 
 33 
 33 
 33 
 33 
 33 
 33 
 33 
 33 
 33 
 33 
 33 
 33 
 33 
 33 
 33 
 33 
 33 
 33 
 33 
 33 
 33 
 33 
 33 
 33 
 33 
 33 
 33 
 33 
 33 
 33 
 33 
 33 
 33 
 33 
 33 
 33 
 33 
 33 
 33 
 33 
 33 
 33 
 33 
 33 
 33 
 33 
 33 
 33 
 33 
 33 
 33 
 33 
 33 
 33 
 33 
 33 
 1 
 1 
 1 
 1 
 1 
 1 
 1 
 1 
 1 
 1 
 1 
 33 
 33 
 33 
 33 
 33 
 1 
 1 
 1 
 1 
 1 
 1 
 1 
 1 
 1 
 1 
 1 
 33 
 33 
 33 
 33 
 33 
 1 
 1 
 0 
 0 
 1 
 0 
 0 
 0 
 2 
 1 
 1 
 33 
 33 
 33 
 33 
 33 
 1 
 10 
 0 
 0 
 0 
 0 
 0 
 0 
 0 
 1 
 1 
 33 
 33 
 33 
 33 
 33 
 1 
 1 
 0 
 0 
 1 
 0 
 0 
 3 
 0 
 1 
 1 
 33 
 33 
 33 
 33 
 33 
 1 
 1 
 0 
 0 
 1 
 1 
 1 
 1 
 1 
 1 
 1 
 33 
 33 
 33 
 33 
 33 
 1 
 1 
 0 
 0 
 1 
 0 
 0 
 0 
 2 
 1 
 1 
 33 
 33 
 33 
 33 
 33 
 1 
 1 
 0 
 0 
 0 
 0 
 0 
 0 
 0 
 1 
 1 
 33 
 33 
 33 
 33 
 33 
 1 
 1 
 32 
 0 
 1 
 0 
 0 
 3 
 0 
 1 
 1 
 33 
 33 
 33 
 33 
 33 
 1 
 1 
 0 
 0 
 1 
 1 
 1 
 1 
 1 
 1 
 1 
 33 
 33 
 33 
 33 
 33 
 1 
 1 
 0 
 0 
 1 
 0 
 0 
 0 
 2 
 1 
 1 
 33 
 33 
 33 
 33 
 33 
 1 
 1 
 0 
 0 
 0 
 0 
 0 
 0 
 0 
 1 
 1 
 33 
 33 
 33 
 33 
 33 
 1 
 1 
 0 
 0 
 1 
 0 
 0 
 3 
 0 
 1 
 1 
 33 
 33 
 33 
 33 
 33 
 1 
 1 
 1 
 1 
 1 
 1 
 1 
 1 
 1 
 1 
 1 
 33 
 33 
 33 
 33 
 33 
 1 
 1 
 1 
 1 
 1 
 1 
 1 
 1 
 1 
 1 
 1 
 33 
 33 
 33 
 33 
 33 
 33 
 33 
 33 
 33 
 33 
 33 
 33 
 33 
 33 
 33 
 33 
 33 
 33 
 33 
 33 
 33 
 33 
 33 
 33 
 33 
 33 
 33 
 33 
 33 
 33 
 33 
 33 
 33 
 33 
 33 
 33 
 33 
 33 
 33 
 33 
 33 
 33 
 33 
 33 
 33 
 33 
 33 
 33 
 33 
 33 
 33 
 33 
 33 
 33 
 33 
 33 
 33 
 33 
 33 
 33 
 33 
 33 
 33 
 33 
 33 
 33 
 33 
 33 
 33 
 33 
 33 
 33 
 33 
 33 
 33 
 33 
 33 
 33 
 33 
 33 
 33 
 33 
 33 
