VARTRAGUARD
 3 
 33 
 33 
 33 
 33 
 33 
 33 
 33 
 33 
 33 
 33 
 33 
 33 
 33 
 33 
 33 
 33 
 33 
 33 
 33 
 33 
 33 
 33 
 33 
 33 
 33 
 33 
 33 
 33 
 33 
 33 
 33 
 33 
 33 
 33 
 33 
 33 
 33 
 33 
 33 
 33 
 33 
 33 
 33 
 33 
 33 
 33 
 33 
 33 
 33 
 33 
 0 
 0 
 0 
 0 
 0 
 0 
 0 
 0 
 0 
 33 
 33 
 33 
 33 
 33 
 33 
 21 
 0 
 19 
 17 
 0 
 0 
 0 
 0 
 0 
 0 
 0 
 33 
 33 
 33 
 33 
 6 
 0 
 0 
 19 
 18 
 0 
 0 
 0 
 0 
 0 
 0 
 0 
 33 
 33 
 33 
 33 
 6 
 0 
 0 
 0 
 0 
 0 
 0 
 19 
 17 
 0 
 0 
 0 
 0 
 33 
 33 
 33 
 6 
 0 
 0 
 0 
 0 
 0 
 0 
 19 
 18 
 0 
 0 
 0 
 0 
 33 
 33 
 33 
 33 
 21 
 0 
 0 
 19 
 17 
 0 
 0 
 0 
 0 
 0 
 0 
 0 
 33 
 33 
 33 
 33 
 33 
 0 
 0 
 19 
 18 
 0 
 0 
 0 
 0 
 0 
 0 
 0 
 33 
 33 
 33 
 33 
 33 
 0 
 0 
 0 
 0 
 0 
 0 
 0 
 0 
 21 
 0 
 0 
 0 
 33 
 33 
 33 
 33 
 0 
 0 
 0 
 0 
 0 
 33 
 33 
 33 
 33 
 21 
 0 
 0 
 33 
 33 
 33 
 33 
 0 
 0 
 0 
 0 
 33 
 33 
 33 
 33 
 33 
 21 
 0 
 0 
 33 
 33 
 33 
 33 
 0 
 0 
 0 
 0 
 33 
 33 
 33 
 33 
 14 
 0 
 0 
 0 
 33 
 33 
 33 
 33 
 0 
 0 
 0 
 0 
 33 
 33 
 33 
 33 
 33 
 21 
 0 
 0 
 33 
 33 
 33 
 33 
 0 
 0 
 0 
 0 
 0 
 33 
 33 
 33 
 33 
 21 
 0 
 0 
 33 
 33 
 33 
 33 
 0 
 0 
 0 
 0 
 0 
 0 
 0 
 0 
 0 
 0 
 0 
 33 
 33 
 33 
 33 
 33 
 0 
 0 
 19 
 17 
 0 
 0 
 0 
 0 
 0 
 0 
 0 
 33 
 33 
 33 
 33 
 33 
 33 
 0 
 19 
 18 
 0 
 0 
 19 
 17 
 0 
 0 
 0 
 33 
 33 
 33 
 33 
 33 
 33 
 0 
 0 
 0 
 0 
 0 
 19 
 18 
 0 
 0 
 33 
 33 
 33 
 33 
 33 
 33 
 33 
 33 
 33 
 0 
 0 
 0 
 0 
 0 
 0 
 0 
 33 
 33 
 33 
 33 
 33 
 33 
 33 
 33 
 33 
 33 
 33 
 33 
 33 
 33 
 33 
 33 
 33 
 33 
 33 
 33 
 33 
 33 
 33 
 33 
 33 
 33 
 33 
 33 
 33 
 33 
 33 
 33 
 33 
 33 
 33 
 33 
 33 
 33 
 33 
 33 
 33 
 33 
 33 
 33 
 33 
 33 
 33 
 33 
 33 
 33 
 33 
 33 
