SPECTRE
 3 
 33 
 33 
 33 
 33 
 33 
 33 
 33 
 33 
 33 
 33 
 33 
 33 
 33 
 33 
 33 
 33 
 33 
 33 
 33 
 33 
 33 
 33 
 33 
 33 
 33 
 33 
 33 
 33 
 33 
 33 
 33 
 33 
 33 
 33 
 33 
 33 
 33 
 33 
 33 
 33 
 33 
 33 
 33 
 33 
 33 
 33 
 33 
 33 
 33 
 33 
 33 
 33 
 33 
 33 
 33 
 33 
 33 
 33 
 33 
 33 
 33 
 33 
 33 
 33 
 33 
 33 
 33 
 33 
 33 
 33 
 33 
 33 
 33 
 33 
 33 
 0 
 0 
 33 
 33 
 33 
 33 
 33 
 33 
 33 
 33 
 33 
 33 
 33 
 33 
 33 
 0 
 0 
 0 
 33 
 33 
 33 
 33 
 33 
 33 
 33 
 33 
 33 
 33 
 33 
 33 
 14 
 12 
 0 
 0 
 33 
 33 
 33 
 33 
 33 
 33 
 33 
 33 
 33 
 33 
 33 
 33 
 33 
 12 
 12 
 0 
 33 
 33 
 33 
 33 
 33 
 33 
 33 
 33 
 33 
 33 
 33 
 33 
 3 
 0 
 12 
 0 
 33 
 33 
 33 
 33 
 33 
 33 
 33 
 0 
 0 
 0 
 0 
 0 
 0 
 0 
 0 
 0 
 33 
 33 
 33 
 33 
 33 
 33 
 3 
 0 
 0 
 0 
 0 
 12 
 12 
 12 
 0 
 0 
 33 
 33 
 33 
 0 
 0 
 0 
 0 
 12 
 12 
 12 
 12 
 12 
 12 
 0 
 0 
 0 
 33 
 33 
 33 
 0 
 0 
 0 
 0 
 12 
 12 
 12 
 12 
 12 
 0 
 0 
 0 
 0 
 33 
 33 
 33 
 33 
 33 
 33 
 3 
 0 
 0 
 0 
 0 
 0 
 0 
 0 
 0 
 0 
 33 
 33 
 33 
 33 
 33 
 33 
 0 
 0 
 5 
 0 
 5 
 0 
 5 
 0 
 5 
 0 
 33 
 33 
 33 
 33 
 33 
 33 
 0 
 0 
 0 
 0 
 0 
 0 
 0 
 0 
 0 
 0 
 33 
 33 
 33 
 33 
 33 
 33 
 0 
 0 
 5 
 0 
 5 
 0 
 5 
 0 
 5 
 0 
 33 
 33 
 33 
 33 
 33 
 33 
 0 
 0 
 0 
 0 
 0 
 0 
 0 
 0 
 0 
 0 
 33 
 33 
 33 
 33 
 33 
 33 
 0 
 0 
 5 
 0 
 5 
 0 
 5 
 0 
 5 
 0 
 33 
 33 
 33 
 33 
 33 
 33 
 0 
 0 
 0 
 0 
 0 
 0 
 0 
 0 
 0 
 0 
 33 
 33 
 33 
 33 
 33 
 33 
 33 
 33 
 33 
 33 
 33 
 33 
 33 
 33 
 33 
 33 
 33 
 33 
 33 
 33 
 33 
 33 
 33 
 33 
 33 
 33 
 33 
 33 
 33 
 33 
 33 
 33 
 33 
 33 
 33 
 33 
 33 
 33 
 33 
 33 
 33 
 33 
 33 
 33 
 33 
 33 
 33 
 33 
 33 
 33 
 33 
 33 
 33 
 33 
 33 
 33 
 33 
 33 
 33 
 33 
 33 
 33 
 33 
 33 
 33 
 33 
 33 
