ZOMBIE
 3 
 33 
 33 
 33 
 33 
 33 
 33 
 33 
 33 
 33 
 33 
 33 
 33 
 33 
 33 
 33 
 33 
 33 
 33 
 33 
 33 
 33 
 33 
 33 
 33 
 33 
 33 
 33 
 33 
 33 
 33 
 33 
 33 
 33 
 33 
 33 
 33 
 33 
 33 
 33 
 33 
 33 
 33 
 33 
 33 
 33 
 33 
 33 
 33 
 33 
 33 
 1 
 1 
 1 
 1 
 1 
 1 
 1 
 1 
 1 
 33 
 33 
 33 
 33 
 33 
 33 
 33 
 1 
 0 
 0 
 0 
 1 
 0 
 0 
 0 
 1 
 0 
 0 
 33 
 33 
 33 
 33 
 33 
 1 
 0 
 5 
 0 
 1 
 0 
 5 
 0 
 1 
 7 
 0 
 33 
 33 
 33 
 33 
 33 
 1 
 0 
 0 
 0 
 0 
 0 
 0 
 0 
 1 
 0 
 0 
 33 
 33 
 33 
 33 
 33 
 1 
 1 
 1 
 0 
 1 
 0 
 1 
 1 
 1 
 0 
 7 
 33 
 33 
 33 
 33 
 33 
 1 
 0 
 0 
 0 
 1 
 0 
 0 
 0 
 1 
 0 
 0 
 33 
 33 
 33 
 33 
 33 
 1 
 0 
 5 
 0 
 1 
 0 
 5 
 0 
 1 
 0 
 0 
 33 
 33 
 33 
 33 
 33 
 1 
 0 
 0 
 0 
 1 
 0 
 0 
 0 
 0 
 0 
 7 
 33 
 33 
 33 
 33 
 33 
 1 
 1 
 1 
 1 
 1 
 1 
 1 
 1 
 1 
 0 
 0 
 0 
 0 
 6 
 33 
 33 
 33 
 0 
 0 
 0 
 0 
 0 
 7 
 0 
 0 
 0 
 0 
 0 
 0 
 6 
 33 
 33 
 33 
 0 
 7 
 0 
 7 
 0 
 0 
 0 
 0 
 7 
 0 
 33 
 33 
 33 
 33 
 33 
 33 
 0 
 0 
 0 
 0 
 0 
 0 
 7 
 0 
 0 
 0 
 33 
 33 
 33 
 33 
 33 
 33 
 0 
 0 
 7 
 0 
 7 
 0 
 0 
 0 
 0 
 0 
 33 
 33 
 33 
 33 
 33 
 33 
 7 
 0 
 0 
 0 
 0 
 0 
 7 
 0 
 7 
 0 
 33 
 33 
 33 
 33 
 33 
 33 
 0 
 0 
 0 
 0 
 7 
 0 
 0 
 0 
 0 
 0 
 33 
 33 
 33 
 33 
 33 
 33 
 0 
 0 
 7 
 0 
 0 
 0 
 7 
 0 
 0 
 0 
 33 
 33 
 33 
 33 
 33 
 33 
 0 
 0 
 0 
 0 
 0 
 0 
 0 
 0 
 0 
 7 
 33 
 33 
 33 
 33 
 33 
 33 
 33 
 7 
 0 
 0 
 0 
 0 
 0 
 0 
 0 
 33 
 33 
 33 
 33 
 33 
 33 
 33 
 33 
 33 
 33 
 33 
 0 
 0 
 33 
 33 
 33 
 33 
 33 
 33 
 33 
 33 
 33 
 33 
 33 
 33 
 33 
 33 
 0 
 0 
 33 
 33 
 33 
 33 
 33 
 33 
 33 
 33 
 33 
 33 
 33 
 33 
 33 
 33 
 0 
 0 
 33 
 33 
 33 
 33 
 33 
 33 
 33 
