SPECTRE
 2 
 33 
 33 
 33 
 33 
 33 
 33 
 33 
 33 
 33 
 33 
 33 
 33 
 33 
 33 
 33 
 33 
 33 
 33 
 33 
 33 
 33 
 33 
 33 
 33 
 33 
 33 
 33 
 33 
 33 
 33 
 33 
 33 
 33 
 33 
 33 
 33 
 33 
 33 
 33 
 33 
 33 
 33 
 33 
 33 
 33 
 33 
 33 
 33 
 33 
 33 
 33 
 33 
 7 
 7 
 7 
 7 
 0 
 0 
 0 
 33 
 33 
 33 
 33 
 33 
 33 
 33 
 33 
 33 
 7 
 0 
 0 
 0 
 0 
 0 
 0 
 0 
 0 
 33 
 33 
 33 
 33 
 33 
 33 
 7 
 0 
 0 
 0 
 0 
 3 
 0 
 0 
 0 
 0 
 0 
 0 
 0 
 33 
 33 
 33 
 0 
 0 
 34 
 36 
 0 
 0 
 0 
 21 
 21 
 0 
 0 
 0 
 0 
 33 
 33 
 33 
 0 
 0 
 22 
 22 
 0 
 3 
 0 
 21 
 21 
 0 
 0 
 0 
 0 
 33 
 33 
 33 
 0 
 0 
 22 
 22 
 0 
 0 
 0 
 0 
 21 
 0 
 33 
 33 
 33 
 33 
 33 
 33 
 0 
 21 
 22 
 22 
 21 
 0 
 0 
 0 
 21 
 0 
 33 
 33 
 33 
 33 
 33 
 33 
 0 
 21 
 22 
 22 
 21 
 21 
 0 
 0 
 0 
 0 
 0 
 33 
 33 
 33 
 33 
 33 
 0 
 0 
 35 
 22 
 22 
 22 
 36 
 0 
 0 
 0 
 0 
 33 
 33 
 33 
 33 
 33 
 0 
 0 
 0 
 0 
 21 
 22 
 22 
 0 
 7 
 7 
 0 
 33 
 33 
 33 
 33 
 33 
 0 
 0 
 3 
 0 
 21 
 22 
 22 
 0 
 7 
 0 
 0 
 33 
 33 
 33 
 33 
 33 
 0 
 0 
 0 
 0 
 21 
 22 
 22 
 0 
 0 
 0 
 7 
 33 
 33 
 33 
 33 
 33 
 0 
 0 
 0 
 0 
 0 
 22 
 22 
 0 
 0 
 7 
 7 
 33 
 33 
 33 
 33 
 33 
 0 
 0 
 0 
 0 
 0 
 35 
 37 
 0 
 0 
 7 
 33 
 33 
 33 
 33 
 33 
 33 
 7 
 0 
 0 
 0 
 0 
 0 
 0 
 0 
 0 
 7 
 33 
 33 
 33 
 33 
 33 
 33 
 7 
 7 
 0 
 21 
 21 
 0 
 0 
 0 
 0 
 0 
 33 
 33 
 33 
 33 
 33 
 33 
 33 
 7 
 0 
 21 
 21 
 0 
 0 
 0 
 0 
 33 
 33 
 33 
 33 
 33 
 33 
 33 
 33 
 33 
 0 
 0 
 0 
 0 
 0 
 0 
 33 
 33 
 33 
 33 
 33 
 33 
 33 
 33 
 33 
 33 
 33 
 0 
 0 
 0 
 0 
 33 
 33 
 33 
 33 
 33 
 33 
 33 
 33 
 33 
 33 
 33 
 33 
 0 
 0 
 0 
 0 
 33 
 33 
 33 
 33 
 33 
 33 
 33 
 33 
 33 
 33 
 33 
 33 
 33 
 6 
 6 
 33 
 33 
 33 
 33 
 33 
 33 
 33 
