MUMMY
 3 
 33 
 33 
 33 
 33 
 33 
 33 
 33 
 6 
 6 
 33 
 33 
 33 
 33 
 33 
 33 
 33 
 33 
 33 
 33 
 33 
 33 
 33 
 33 
 0 
 0 
 33 
 33 
 33 
 33 
 33 
 33 
 33 
 33 
 33 
 33 
 33 
 33 
 33 
 33 
 0 
 0 
 33 
 33 
 33 
 33 
 33 
 33 
 33 
 33 
 33 
 33 
 33 
 33 
 33 
 0 
 0 
 0 
 33 
 5 
 33 
 33 
 33 
 33 
 33 
 33 
 33 
 33 
 33 
 5 
 33 
 0 
 0 
 0 
 0 
 0 
 33 
 33 
 33 
 33 
 33 
 33 
 33 
 33 
 5 
 0 
 0 
 0 
 0 
 0 
 0 
 0 
 33 
 5 
 33 
 33 
 33 
 33 
 33 
 33 
 33 
 0 
 0 
 0 
 0 
 0 
 0 
 0 
 0 
 0 
 33 
 33 
 33 
 33 
 33 
 5 
 0 
 0 
 0 
 0 
 0 
 0 
 0 
 0 
 0 
 0 
 33 
 33 
 33 
 33 
 33 
 33 
 33 
 0 
 0 
 0 
 4 
 0 
 0 
 0 
 0 
 0 
 5 
 33 
 33 
 33 
 33 
 33 
 33 
 0 
 0 
 0 
 0 
 0 
 0 
 0 
 0 
 33 
 33 
 33 
 33 
 33 
 33 
 33 
 3 
 0 
 0 
 4 
 0 
 4 
 0 
 0 
 0 
 0 
 5 
 33 
 33 
 0 
 0 
 0 
 0 
 0 
 0 
 0 
 0 
 0 
 0 
 0 
 0 
 0 
 33 
 33 
 33 
 0 
 0 
 0 
 0 
 0 
 0 
 0 
 0 
 0 
 0 
 0 
 0 
 0 
 5 
 33 
 33 
 33 
 33 
 33 
 3 
 0 
 0 
 4 
 0 
 4 
 0 
 0 
 0 
 33 
 33 
 33 
 33 
 33 
 33 
 33 
 33 
 0 
 0 
 0 
 0 
 0 
 0 
 0 
 0 
 0 
 33 
 33 
 33 
 33 
 33 
 5 
 33 
 0 
 0 
 0 
 4 
 0 
 0 
 0 
 0 
 0 
 5 
 33 
 33 
 33 
 33 
 0 
 0 
 0 
 0 
 0 
 0 
 0 
 0 
 0 
 0 
 0 
 33 
 33 
 33 
 33 
 33 
 33 
 33 
 33 
 0 
 0 
 0 
 0 
 0 
 0 
 0 
 0 
 33 
 33 
 33 
 33 
 33 
 33 
 5 
 0 
 0 
 0 
 0 
 0 
 0 
 0 
 33 
 5 
 33 
 33 
 33 
 33 
 33 
 33 
 33 
 33 
 0 
 33 
 0 
 0 
 33 
 33 
 33 
 33 
 33 
 33 
 33 
 33 
 33 
 33 
 33 
 33 
 5 
 33 
 33 
 0 
 0 
 5 
 33 
 33 
 33 
 33 
 33 
 33 
 33 
 33 
 33 
 33 
 33 
 33 
 33 
 33 
 33 
 33 
 33 
 33 
 33 
 33 
 33 
 33 
 33 
 33 
 33 
 33 
 33 
 33 
 33 
 33 
 33 
 33 
 33 
 33 
 33 
 33 
 33 
 33 
 33 
 33 
 33 
 33 
 33 
 33 
 33 
 33 
 33 
 33 
 33 
 33 
 33 
 33 
 33 
