PORTAL
 1 
 33 
 33 
 33 
 33 
 33 
 33 
 33 
 0 
 0 
 33 
 33 
 33 
 33 
 33 
 33 
 33 
 33 
 33 
 33 
 33 
 33 
 33 
 33 
 0 
 0 
 33 
 33 
 33 
 33 
 33 
 33 
 33 
 33 
 33 
 33 
 33 
 2 
 33 
 2 
 0 
 0 
 2 
 33 
 2 
 33 
 33 
 33 
 33 
 33 
 33 
 33 
 33 
 33 
 2 
 0 
 0 
 0 
 0 
 2 
 33 
 33 
 2 
 33 
 33 
 33 
 33 
 33 
 2 
 33 
 0 
 0 
 0 
 0 
 0 
 0 
 0 
 2 
 33 
 33 
 33 
 33 
 33 
 33 
 33 
 2 
 0 
 0 
 0 
 0 
 0 
 0 
 0 
 0 
 2 
 33 
 33 
 33 
 33 
 1 
 2 
 1 
 0 
 19 
 16 
 16 
 16 
 17 
 0 
 0 
 33 
 2 
 33 
 33 
 33 
 2 
 15 
 0 
 0 
 19 
 23 
 23 
 23 
 16 
 0 
 0 
 2 
 33 
 33 
 33 
 33 
 1 
 0 
 0 
 0 
 19 
 16 
 16 
 23 
 16 
 0 
 0 
 0 
 2 
 33 
 33 
 33 
 2 
 3 
 2 
 0 
 0 
 0 
 19 
 23 
 16 
 0 
 0 
 0 
 33 
 33 
 33 
 33 
 1 
 0 
 6 
 0 
 0 
 0 
 19 
 23 
 16 
 0 
 0 
 0 
 33 
 33 
 33 
 33 
 2 
 3 
 2 
 0 
 0 
 0 
 19 
 23 
 16 
 0 
 0 
 0 
 33 
 33 
 33 
 33 
 1 
 0 
 0 
 0 
 19 
 16 
 16 
 23 
 16 
 0 
 0 
 0 
 2 
 33 
 33 
 33 
 2 
 0 
 0 
 0 
 19 
 23 
 23 
 23 
 16 
 0 
 0 
 2 
 33 
 33 
 33 
 33 
 1 
 2 
 1 
 0 
 19 
 16 
 16 
 16 
 18 
 0 
 0 
 33 
 2 
 33 
 33 
 33 
 33 
 33 
 2 
 0 
 0 
 0 
 0 
 0 
 0 
 0 
 0 
 2 
 33 
 33 
 33 
 33 
 33 
 2 
 33 
 0 
 0 
 0 
 0 
 0 
 0 
 0 
 2 
 33 
 33 
 33 
 33 
 33 
 33 
 33 
 33 
 2 
 0 
 0 
 0 
 0 
 2 
 33 
 33 
 2 
 33 
 33 
 33 
 33 
 33 
 33 
 2 
 33 
 2 
 33 
 33 
 2 
 33 
 2 
 33 
 33 
 33 
 33 
 33 
 33 
 33 
 33 
 33 
 33 
 33 
 33 
 33 
 33 
 33 
 33 
 33 
 33 
 33 
 33 
 33 
 33 
 33 
 33 
 33 
 33 
 33 
 33 
 33 
 33 
 33 
 33 
 33 
 33 
 33 
 33 
 33 
 33 
 33 
 33 
 33 
 33 
 33 
 33 
 33 
 33 
 33 
 33 
 33 
 33 
 33 
 33 
 33 
 33 
 33 
 33 
 33 
 33 
 33 
 33 
 33 
 33 
 33 
 33 
 33 
 33 
 33 
 33 
 33 
 33 
 33 
 33 
 33 
 33 
 33 
 33 
 33 
 33 
 33 
 33 
 33 
 33 
 33 
 33 
