BAT
 3 
 33 
 33 
 33 
 33 
 33 
 33 
 33 
 33 
 33 
 33 
 33 
 33 
 33 
 33 
 33 
 33 
 33 
 33 
 33 
 33 
 33 
 33 
 33 
 33 
 33 
 33 
 33 
 33 
 33 
 33 
 33 
 33 
 33 
 33 
 33 
 33 
 33 
 33 
 33 
 33 
 33 
 33 
 33 
 33 
 33 
 33 
 33 
 33 
 6 
 0 
 0 
 0 
 0 
 0 
 0 
 0 
 0 
 0 
 0 
 33 
 33 
 33 
 33 
 33 
 33 
 33 
 33 
 33 
 33 
 0 
 0 
 0 
 0 
 0 
 0 
 0 
 33 
 33 
 33 
 33 
 33 
 33 
 33 
 33 
 33 
 0 
 0 
 19 
 17 
 0 
 0 
 0 
 33 
 33 
 33 
 33 
 33 
 33 
 33 
 0 
 0 
 0 
 0 
 19 
 16 
 0 
 0 
 0 
 0 
 33 
 33 
 33 
 33 
 33 
 0 
 0 
 0 
 0 
 0 
 19 
 16 
 0 
 0 
 0 
 0 
 33 
 33 
 33 
 33 
 33 
 0 
 0 
 0 
 0 
 0 
 19 
 16 
 0 
 0 
 0 
 0 
 33 
 33 
 33 
 33 
 33 
 0 
 0 
 0 
 19 
 16 
 16 
 16 
 0 
 0 
 0 
 0 
 33 
 33 
 33 
 33 
 33 
 0 
 0 
 0 
 19 
 16 
 16 
 16 
 0 
 0 
 0 
 0 
 0 
 33 
 33 
 33 
 33 
 0 
 0 
 0 
 0 
 0 
 19 
 16 
 0 
 0 
 0 
 0 
 0 
 33 
 33 
 33 
 33 
 0 
 0 
 0 
 0 
 0 
 19 
 16 
 16 
 16 
 17 
 0 
 0 
 33 
 33 
 33 
 33 
 0 
 0 
 0 
 0 
 0 
 19 
 16 
 16 
 16 
 16 
 0 
 0 
 33 
 33 
 33 
 33 
 0 
 0 
 0 
 0 
 0 
 0 
 0 
 0 
 19 
 16 
 0 
 0 
 33 
 33 
 33 
 33 
 33 
 0 
 0 
 0 
 0 
 0 
 0 
 0 
 19 
 16 
 0 
 0 
 33 
 33 
 33 
 33 
 33 
 33 
 0 
 0 
 0 
 0 
 19 
 16 
 16 
 16 
 0 
 0 
 33 
 33 
 33 
 33 
 33 
 33 
 0 
 0 
 0 
 0 
 19 
 16 
 16 
 18 
 0 
 0 
 33 
 33 
 33 
 33 
 33 
 33 
 33 
 0 
 0 
 0 
 19 
 16 
 0 
 0 
 0 
 33 
 33 
 33 
 33 
 33 
 33 
 33 
 14 
 0 
 0 
 0 
 19 
 18 
 0 
 0 
 0 
 33 
 33 
 33 
 33 
 33 
 33 
 33 
 33 
 0 
 0 
 0 
 0 
 0 
 0 
 0 
 33 
 33 
 33 
 33 
 33 
 33 
 33 
 33 
 33 
 0 
 0 
 0 
 0 
 0 
 0 
 33 
 33 
 33 
 33 
 33 
 33 
 33 
 33 
 33 
 33 
 33 
 33 
 33 
 33 
 33 
 33 
 33 
 33 
 33 
 33 
 33 
 33 
 33 
 33 
 33 
 33 
 33 
 33 
 33 
 33 
 33 
 33 
 33 
 33 
 33 
 33 
 33 
