SKELETON
 3 
 33 
 33 
 33 
 33 
 33 
 33 
 33 
 33 
 33 
 33 
 33 
 33 
 33 
 33 
 33 
 33 
 33 
 33 
 33 
 33 
 33 
 33 
 33 
 33 
 33 
 33 
 33 
 33 
 33 
 33 
 33 
 33 
 33 
 33 
 22 
 22 
 22 
 22 
 22 
 22 
 36 
 0 
 0 
 0 
 0 
 0 
 33 
 33 
 33 
 33 
 22 
 22 
 22 
 22 
 22 
 22 
 22 
 0 
 0 
 0 
 0 
 0 
 0 
 0 
 33 
 33 
 22 
 22 
 22 
 22 
 22 
 22 
 22 
 0 
 0 
 0 
 0 
 0 
 33 
 33 
 33 
 33 
 22 
 22 
 22 
 22 
 22 
 22 
 22 
 0 
 0 
 0 
 0 
 0 
 33 
 33 
 33 
 33 
 22 
 22 
 22 
 22 
 22 
 22 
 22 
 0 
 19 
 17 
 0 
 0 
 33 
 33 
 33 
 33 
 22 
 22 
 22 
 22 
 22 
 22 
 22 
 0 
 19 
 16 
 0 
 0 
 33 
 33 
 33 
 33 
 22 
 33 
 33 
 33 
 33 
 22 
 22 
 0 
 0 
 15 
 0 
 0 
 33 
 33 
 33 
 33 
 22 
 33 
 0 
 0 
 33 
 22 
 22 
 0 
 0 
 0 
 0 
 0 
 33 
 33 
 33 
 33 
 22 
 33 
 0 
 0 
 33 
 22 
 22 
 0 
 0 
 0 
 0 
 0 
 33 
 33 
 33 
 33 
 22 
 33 
 0 
 0 
 13 
 13 
 13 
 0 
 0 
 0 
 0 
 0 
 33 
 33 
 33 
 33 
 22 
 33 
 0 
 0 
 33 
 22 
 22 
 0 
 0 
 0 
 0 
 0 
 33 
 33 
 33 
 33 
 22 
 33 
 33 
 33 
 33 
 22 
 22 
 0 
 0 
 0 
 0 
 0 
 33 
 33 
 33 
 33 
 22 
 22 
 22 
 22 
 22 
 22 
 22 
 0 
 0 
 19 
 17 
 0 
 33 
 33 
 33 
 33 
 22 
 22 
 22 
 22 
 22 
 22 
 22 
 0 
 0 
 19 
 18 
 0 
 33 
 33 
 33 
 33 
 22 
 22 
 22 
 22 
 22 
 22 
 22 
 0 
 0 
 0 
 0 
 0 
 33 
 33 
 33 
 33 
 22 
 22 
 22 
 22 
 22 
 22 
 22 
 0 
 0 
 0 
 0 
 0 
 33 
 33 
 33 
 33 
 22 
 22 
 22 
 22 
 22 
 22 
 22 
 0 
 0 
 0 
 0 
 12 
 33 
 33 
 33 
 33 
 22 
 22 
 22 
 22 
 22 
 22 
 22 
 0 
 0 
 0 
 12 
 12 
 33 
 33 
 33 
 33 
 22 
 22 
 22 
 22 
 22 
 22 
 22 
 0 
 12 
 12 
 12 
 12 
 33 
 33 
 33 
 33 
 22 
 22 
 22 
 22 
 22 
 22 
 37 
 0 
 0 
 12 
 12 
 33 
 33 
 33 
 33 
 33 
 33 
 33 
 33 
 33 
 33 
 33 
 33 
 33 
 33 
 33 
 33 
 33 
 33 
 33 
 33 
 33 
 33 
 33 
 33 
 33 
 33 
 33 
 33 
 33 
 33 
 33 
 33 
 33 
 33 
 33 
