NONE
 0 
 7 
 7 
 7 
 7 
 7 
 7 
 7 
 12 
 12 
 7 
 7 
 7 
 7 
 7 
 7 
 7 
 7 
 7 
 7 
 7 
 7 
 7 
 7 
 12 
 12 
 7 
 7 
 7 
 7 
 7 
 7 
 7 
 7 
 7 
 7 
 0 
 0 
 0 
 0 
 12 
 12 
 0 
 0 
 0 
 3 
 7 
 7 
 7 
 7 
 7 
 0 
 0 
 1 
 1 
 15 
 12 
 12 
 12 
 12 
 12 
 12 
 0 
 7 
 7 
 7 
 7 
 7 
 0 
 1 
 8 
 12 
 12 
 12 
 2 
 2 
 2 
 12 
 0 
 7 
 7 
 7 
 7 
 0 
 0 
 1 
 1 
 21 
 12 
 12 
 2 
 2 
 10 
 12 
 0 
 7 
 7 
 7 
 7 
 0 
 2 
 1 
 1 
 21 
 12 
 12 
 2 
 2 
 2 
 21 
 0 
 7 
 7 
 7 
 7 
 0 
 2 
 2 
 2 
 21 
 12 
 12 
 2 
 1 
 1 
 21 
 21 
 7 
 7 
 7 
 7 
 7 
 0 
 0 
 0 
 0 
 12 
 12 
 2 
 1 
 1 
 21 
 21 
 7 
 7 
 7 
 7 
 7 
 0 
 0 
 0 
 31 
 12 
 12 
 0 
 0 
 0 
 0 
 0 
 7 
 7 
 7 
 7 
 0 
 0 
 2 
 1 
 1 
 12 
 12 
 0 
 2 
 2 
 0 
 0 
 7 
 7 
 7 
 7 
 3 
 2 
 1 
 1 
 1 
 12 
 12 
 0 
 2 
 8 
 12 
 15 
 7 
 7 
 7 
 7 
 3 
 2 
 1 
 1 
 10 
 12 
 12 
 0 
 2 
 2 
 12 
 12 
 12 
 12 
 7 
 7 
 0 
 0 
 2 
 1 
 1 
 12 
 12 
 12 
 12 
 12 
 12 
 12 
 12 
 12 
 7 
 7 
 7 
 0 
 0 
 0 
 0 
 29 
 12 
 12 
 12 
 12 
 38 
 0 
 7 
 7 
 7 
 7 
 7 
 7 
 0 
 0 
 21 
 21 
 0 
 21 
 21 
 12 
 0 
 0 
 7 
 7 
 7 
 7 
 7 
 0 
 2 
 1 
 1 
 21 
 0 
 4 
 2 
 12 
 0 
 7 
 7 
 7 
 7 
 7 
 7 
 0 
 2 
 1 
 8 
 0 
 0 
 2 
 22 
 36 
 0 
 0 
 7 
 7 
 7 
 7 
 0 
 0 
 2 
 1 
 1 
 21 
 0 
 2 
 22 
 37 
 0 
 0 
 7 
 7 
 7 
 7 
 9 
 0 
 2 
 1 
 1 
 21 
 0 
 4 
 2 
 30 
 0 
 0 
 7 
 7 
 7 
 7 
 9 
 0 
 0 
 1 
 1 
 3 
 0 
 0 
 0 
 0 
 0 
 21 
 7 
 7 
 7 
 7 
 7 
 9 
 9 
 0 
 0 
 0 
 0 
 7 
 7 
 0 
 21 
 7 
 7 
 7 
 16 
 16 
 16 
 17 
 9 
 9 
 7 
 7 
 7 
 7 
 7 
 7 
 7 
 7 
 7 
 7 
 16 
 16 
 16 
 16 
 17 
 7 
 7 
 7 
 7 
 7 
 7 
 7 
 7 
 7 
 7 
 7 
