HORNET
 3 
 1 
 1 
 1 
 1 
 1 
 1 
 1 
 1 
 1 
 1 
 1 
 1 
 1 
 1 
 7 
 7 
 1 
 1 
 1 
 1 
 1 
 1 
 1 
 1 
 1 
 1 
 1 
 1 
 1 
 1 
 7 
 7 
 0 
 0 
 0 
 0 
 0 
 0 
 0 
 0 
 0 
 0 
 0 
 0 
 0 
 0 
 7 
 7 
 0 
 7 
 0 
 0 
 0 
 0 
 7 
 0 
 7 
 0 
 0 
 0 
 7 
 0 
 7 
 7 
 0 
 0 
 0 
 0 
 0 
 0 
 0 
 0 
 0 
 0 
 0 
 0 
 0 
 0 
 7 
 7 
 0 
 0 
 0 
 7 
 0 
 0 
 7 
 0 
 0 
 0 
 7 
 0 
 0 
 0 
 7 
 7 
 0 
 0 
 0 
 0 
 0 
 0 
 0 
 0 
 0 
 0 
 0 
 0 
 0 
 0 
 7 
 7 
 0 
 0 
 0 
 0 
 0 
 7 
 0 
 0 
 0 
 7 
 0 
 0 
 0 
 7 
 7 
 7 
 0 
 0 
 0 
 7 
 0 
 0 
 0 
 7 
 0 
 0 
 0 
 0 
 0 
 0 
 7 
 7 
 0 
 0 
 0 
 0 
 0 
 0 
 0 
 0 
 0 
 0 
 0 
 7 
 0 
 0 
 7 
 7 
 0 
 0 
 0 
 0 
 7 
 0 
 0 
 7 
 0 
 7 
 0 
 0 
 0 
 0 
 7 
 7 
 0 
 0 
 0 
 0 
 0 
 0 
 0 
 0 
 0 
 0 
 0 
 0 
 0 
 0 
 7 
 7 
 0 
 0 
 0 
 0 
 0 
 0 
 0 
 0 
 7 
 0 
 0 
 0 
 0 
 7 
 7 
 7 
 0 
 0 
 0 
 0 
 0 
 0 
 0 
 0 
 0 
 0 
 0 
 0 
 0 
 0 
 7 
 7 
 0 
 0 
 0 
 0 
 0 
 0 
 0 
 0 
 0 
 0 
 0 
 0 
 0 
 0 
 7 
 7 
 0 
 0 
 0 
 0 
 0 
 0 
 0 
 0 
 12 
 21 
 0 
 0 
 0 
 7 
 7 
 7 
 7 
 7 
 0 
 7 
 0 
 0 
 0 
 12 
 12 
 12 
 21 
 0 
 0 
 0 
 7 
 7 
 7 
 7 
 0 
 0 
 0 
 0 
 0 
 12 
 12 
 12 
 21 
 21 
 0 
 0 
 7 
 7 
 7 
 7 
 7 
 0 
 7 
 0 
 0 
 21 
 12 
 12 
 21 
 21 
 0 
 7 
 7 
 7 
 7 
 7 
 7 
 0 
 0 
 0 
 0 
 21 
 21 
 12 
 21 
 21 
 21 
 7 
 7 
 7 
 7 
 7 
 7 
 7 
 7 
 7 
 0 
 0 
 21 
 12 
 12 
 21 
 21 
 7 
 7 
 7 
 7 
 7 
 7 
 7 
 7 
 7 
 0 
 0 
 21 
 21 
 12 
 21 
 7 
 7 
 7 
 7 
 7 
 7 
 7 
 7 
 7 
 7 
 7 
 7 
 7 
 7 
 12 
 7 
 7 
 7 
 7 
 7 
 7 
 7 
 7 
 7 
 7 
 7 
 7 
 7 
 7 
 7 
 12 
 7 
 7 
 7 
 7 
 7 
