CRAWLER
 3 
 0 
 19 
 16 
 16 
 16 
 16 
 16 
 16 
 16 
 16 
 16 
 16 
 16 
 16 
 16 
 16 
 19 
 16 
 16 
 16 
 16 
 16 
 16 
 16 
 16 
 16 
 16 
 16 
 16 
 16 
 16 
 16 
 19 
 16 
 16 
 16 
 16 
 16 
 18 
 0 
 0 
 0 
 0 
 19 
 16 
 16 
 16 
 16 
 19 
 16 
 16 
 16 
 16 
 18 
 0 
 0 
 0 
 0 
 0 
 0 
 0 
 19 
 16 
 16 
 19 
 16 
 16 
 16 
 16 
 0 
 0 
 0 
 0 
 0 
 0 
 0 
 0 
 0 
 0 
 0 
 19 
 16 
 16 
 16 
 16 
 0 
 0 
 0 
 0 
 0 
 0 
 0 
 0 
 0 
 0 
 0 
 19 
 16 
 16 
 16 
 16 
 0 
 19 
 16 
 16 
 17 
 0 
 0 
 0 
 0 
 0 
 0 
 0 
 19 
 16 
 16 
 16 
 0 
 19 
 16 
 16 
 18 
 0 
 0 
 0 
 0 
 0 
 0 
 0 
 0 
 19 
 16 
 16 
 0 
 0 
 0 
 0 
 0 
 0 
 0 
 0 
 0 
 0 
 0 
 0 
 19 
 16 
 16 
 16 
 0 
 0 
 0 
 0 
 0 
 0 
 0 
 0 
 0 
 0 
 0 
 19 
 16 
 16 
 16 
 16 
 0 
 0 
 0 
 19 
 16 
 16 
 16 
 16 
 17 
 0 
 0 
 0 
 19 
 16 
 16 
 16 
 0 
 0 
 0 
 19 
 16 
 16 
 16 
 16 
 18 
 0 
 0 
 0 
 0 
 19 
 16 
 16 
 0 
 0 
 0 
 0 
 0 
 19 
 16 
 0 
 0 
 0 
 0 
 0 
 19 
 16 
 16 
 16 
 17 
 0 
 0 
 0 
 0 
 19 
 16 
 0 
 0 
 0 
 0 
 0 
 19 
 16 
 16 
 16 
 16 
 17 
 0 
 0 
 0 
 19 
 16 
 0 
 0 
 0 
 0 
 0 
 19 
 16 
 16 
 16 
 16 
 18 
 0 
 0 
 0 
 19 
 16 
 0 
 0 
 0 
 0 
 0 
 19 
 16 
 16 
 16 
 18 
 0 
 0 
 0 
 0 
 19 
 16 
 0 
 0 
 0 
 0 
 19 
 16 
 16 
 16 
 16 
 0 
 0 
 0 
 0 
 0 
 19 
 18 
 0 
 0 
 0 
 0 
 19 
 16 
 16 
 16 
 16 
 0 
 0 
 0 
 0 
 0 
 0 
 0 
 0 
 0 
 19 
 16 
 19 
 16 
 16 
 16 
 16 
 0 
 0 
 0 
 0 
 0 
 0 
 0 
 0 
 19 
 16 
 16 
 19 
 16 
 16 
 16 
 16 
 0 
 0 
 0 
 0 
 0 
 0 
 0 
 19 
 16 
 16 
 16 
 19 
 16 
 16 
 16 
 16 
 17 
 0 
 0 
 0 
 0 
 0 
 0 
 19 
 16 
 16 
 16 
 19 
 16 
 16 
 16 
 16 
 16 
 0 
 0 
 0 
 0 
 0 
 0 
 19 
 16 
 16 
 16 
 19 
 16 
 16 
 16 
 16 
 16 
 0 
 0 
 0 
 0 
 0 
 0 
 19 
 16 
 16 
 16 
