NONE
 0 
 19 
 16 
 16 
 16 
 16 
 16 
 16 
 16 
 16 
 16 
 16 
 16 
 16 
 16 
 16 
 16 
 19 
 16 
 16 
 16 
 16 
 16 
 16 
 16 
 16 
 16 
 16 
 16 
 16 
 16 
 16 
 16 
 19 
 16 
 18 
 0 
 0 
 0 
 0 
 0 
 19 
 16 
 18 
 0 
 0 
 0 
 19 
 16 
 19 
 16 
 0 
 7 
 0 
 1 
 1 
 0 
 0 
 0 
 0 
 7 
 0 
 0 
 19 
 16 
 19 
 16 
 7 
 0 
 0 
 1 
 1 
 21 
 0 
 0 
 0 
 0 
 7 
 0 
 19 
 16 
 19 
 16 
 0 
 0 
 0 
 1 
 8 
 12 
 12 
 0 
 0 
 0 
 0 
 0 
 19 
 16 
 19 
 16 
 4 
 0 
 0 
 1 
 1 
 21 
 12 
 0 
 1 
 1 
 21 
 0 
 19 
 16 
 19 
 16 
 16 
 17 
 0 
 0 
 0 
 30 
 12 
 0 
 1 
 8 
 12 
 0 
 19 
 16 
 19 
 16 
 22 
 16 
 31 
 0 
 0 
 0 
 12 
 0 
 1 
 1 
 12 
 0 
 19 
 16 
 19 
 16 
 22 
 16 
 12 
 12 
 0 
 21 
 12 
 0 
 1 
 1 
 12 
 0 
 19 
 16 
 19 
 16 
 16 
 18 
 0 
 12 
 12 
 12 
 12 
 21 
 0 
 0 
 12 
 0 
 19 
 18 
 19 
 16 
 4 
 0 
 0 
 0 
 21 
 12 
 12 
 12 
 12 
 12 
 12 
 12 
 12 
 12 
 19 
 16 
 0 
 0 
 1 
 1 
 0 
 12 
 12 
 12 
 12 
 12 
 12 
 12 
 12 
 12 
 19 
 16 
 0 
 0 
 1 
 10 
 12 
 12 
 15 
 0 
 29 
 12 
 0 
 0 
 19 
 17 
 19 
 16 
 0 
 0 
 1 
 1 
 0 
 0 
 0 
 7 
 0 
 12 
 0 
 0 
 19 
 16 
 19 
 16 
 0 
 0 
 1 
 1 
 0 
 38 
 0 
 7 
 0 
 12 
 0 
 0 
 19 
 16 
 19 
 16 
 7 
 0 
 1 
 1 
 21 
 0 
 0 
 0 
 3 
 12 
 0 
 0 
 19 
 16 
 19 
 16 
 0 
 0 
 1 
 1 
 21 
 0 
 0 
 1 
 1 
 12 
 0 
 0 
 19 
 16 
 19 
 16 
 7 
 0 
 1 
 1 
 21 
 0 
 2 
 1 
 10 
 12 
 32 
 0 
 19 
 16 
 19 
 16 
 7 
 0 
 1 
 1 
 21 
 0 
 0 
 1 
 1 
 0 
 7 
 0 
 19 
 16 
 19 
 16 
 0 
 7 
 0 
 0 
 0 
 0 
 0 
 0 
 3 
 0 
 7 
 0 
 19 
 16 
 19 
 16 
 17 
 0 
 0 
 0 
 0 
 7 
 0 
 0 
 0 
 0 
 0 
 19 
 16 
 16 
 19 
 16 
 16 
 16 
 16 
 16 
 16 
 16 
 16 
 16 
 16 
 16 
 16 
 16 
 16 
 16 
 19 
 16 
 16 
 16 
 16 
 16 
 16 
 16 
 16 
 16 
 16 
 16 
 16 
 16 
 16 
 16 
