CRAWLER
 2 
 19 
 16 
 16 
 16 
 16 
 16 
 0 
 0 
 0 
 0 
 0 
 0 
 19 
 16 
 16 
 16 
 19 
 16 
 16 
 16 
 16 
 16 
 0 
 0 
 0 
 0 
 0 
 0 
 19 
 16 
 16 
 16 
 0 
 19 
 16 
 16 
 16 
 16 
 0 
 7 
 0 
 0 
 0 
 0 
 0 
 19 
 16 
 16 
 19 
 16 
 16 
 16 
 16 
 16 
 0 
 0 
 0 
 0 
 0 
 0 
 0 
 19 
 16 
 16 
 19 
 16 
 16 
 16 
 16 
 16 
 0 
 0 
 0 
 0 
 0 
 7 
 0 
 19 
 16 
 16 
 19 
 16 
 16 
 16 
 16 
 18 
 0 
 0 
 0 
 0 
 0 
 0 
 0 
 19 
 16 
 16 
 0 
 19 
 16 
 16 
 16 
 0 
 0 
 0 
 12 
 0 
 0 
 0 
 0 
 19 
 16 
 16 
 0 
 19 
 16 
 16 
 16 
 0 
 0 
 0 
 12 
 12 
 0 
 0 
 0 
 19 
 16 
 16 
 0 
 0 
 19 
 16 
 16 
 0 
 0 
 12 
 12 
 0 
 0 
 7 
 0 
 19 
 16 
 16 
 0 
 19 
 16 
 16 
 16 
 0 
 0 
 12 
 12 
 12 
 0 
 0 
 0 
 19 
 16 
 16 
 19 
 16 
 16 
 16 
 16 
 0 
 0 
 0 
 12 
 12 
 0 
 0 
 0 
 0 
 19 
 16 
 0 
 19 
 16 
 16 
 16 
 0 
 0 
 0 
 0 
 12 
 0 
 0 
 0 
 0 
 19 
 16 
 0 
 0 
 19 
 16 
 16 
 17 
 0 
 0 
 0 
 0 
 12 
 0 
 0 
 0 
 19 
 16 
 0 
 19 
 16 
 16 
 16 
 16 
 0 
 0 
 0 
 0 
 12 
 0 
 0 
 0 
 19 
 16 
 0 
 19 
 16 
 16 
 16 
 16 
 0 
 0 
 0 
 0 
 12 
 0 
 0 
 0 
 19 
 16 
 0 
 0 
 19 
 16 
 16 
 16 
 0 
 0 
 0 
 0 
 12 
 0 
 0 
 0 
 19 
 16 
 0 
 0 
 0 
 19 
 16 
 16 
 17 
 0 
 0 
 0 
 0 
 0 
 0 
 0 
 19 
 16 
 0 
 0 
 0 
 0 
 19 
 16 
 16 
 0 
 7 
 0 
 0 
 0 
 0 
 0 
 19 
 16 
 0 
 0 
 0 
 19 
 16 
 16 
 16 
 0 
 0 
 0 
 0 
 0 
 7 
 0 
 19 
 16 
 0 
 0 
 19 
 16 
 16 
 16 
 16 
 0 
 0 
 0 
 0 
 0 
 0 
 0 
 19 
 16 
 0 
 19 
 16 
 16 
 16 
 16 
 16 
 17 
 0 
 0 
 0 
 0 
 0 
 0 
 19 
 16 
 19 
 16 
 16 
 16 
 16 
 16 
 16 
 16 
 0 
 0 
 0 
 7 
 0 
 0 
 19 
 16 
 0 
 19 
 16 
 16 
 16 
 16 
 16 
 16 
 0 
 0 
 0 
 0 
 0 
 0 
 19 
 16 
 0 
 0 
 19 
 16 
 16 
 16 
 16 
 16 
 0 
 0 
 0 
 0 
 0 
 0 
 19 
 16 
