OGRE
 1 
 16 
 16 
 16 
 16 
 0 
 0 
 0 
 0 
 0 
 0 
 0 
 0 
 0 
 0 
 0 
 7 
 16 
 16 
 16 
 16 
 0 
 0 
 0 
 7 
 0 
 0 
 7 
 7 
 7 
 0 
 7 
 7 
 16 
 16 
 16 
 16 
 0 
 0 
 0 
 0 
 0 
 7 
 7 
 7 
 7 
 7 
 7 
 7 
 16 
 16 
 16 
 18 
 0 
 0 
 0 
 0 
 7 
 7 
 7 
 7 
 7 
 7 
 7 
 7 
 16 
 16 
 14 
 0 
 0 
 0 
 0 
 0 
 7 
 7 
 7 
 7 
 7 
 7 
 7 
 7 
 16 
 16 
 16 
 0 
 4 
 0 
 0 
 0 
 7 
 7 
 7 
 7 
 7 
 0 
 7 
 7 
 16 
 16 
 16 
 0 
 0 
 0 
 0 
 0 
 0 
 7 
 7 
 7 
 0 
 0 
 7 
 7 
 16 
 16 
 16 
 0 
 4 
 0 
 0 
 0 
 0 
 7 
 7 
 7 
 0 
 0 
 7 
 7 
 16 
 16 
 16 
 0 
 0 
 0 
 0 
 0 
 0 
 0 
 0 
 7 
 7 
 0 
 0 
 7 
 16 
 16 
 16 
 0 
 0 
 0 
 7 
 0 
 7 
 0 
 0 
 7 
 7 
 7 
 0 
 7 
 16 
 16 
 16 
 0 
 0 
 0 
 0 
 0 
 0 
 0 
 0 
 7 
 7 
 7 
 0 
 7 
 16 
 16 
 16 
 0 
 0 
 0 
 0 
 7 
 0 
 0 
 0 
 0 
 7 
 0 
 0 
 0 
 16 
 16 
 16 
 17 
 0 
 0 
 0 
 0 
 0 
 0 
 7 
 7 
 7 
 0 
 0 
 0 
 16 
 16 
 16 
 16 
 0 
 0 
 0 
 0 
 0 
 7 
 7 
 7 
 0 
 0 
 0 
 7 
 16 
 16 
 16 
 16 
 0 
 0 
 0 
 0 
 0 
 7 
 0 
 0 
 0 
 0 
 7 
 7 
 16 
 16 
 16 
 16 
 0 
 0 
 0 
 0 
 0 
 0 
 0 
 0 
 0 
 0 
 7 
 7 
 16 
 16 
 16 
 16 
 0 
 0 
 7 
 0 
 0 
 0 
 0 
 7 
 0 
 0 
 7 
 7 
 16 
 16 
 16 
 18 
 0 
 0 
 0 
 0 
 0 
 0 
 7 
 7 
 0 
 0 
 7 
 7 
 16 
 16 
 16 
 0 
 0 
 0 
 0 
 0 
 0 
 0 
 7 
 7 
 0 
 0 
 7 
 7 
 16 
 16 
 16 
 0 
 0 
 0 
 0 
 0 
 0 
 0 
 7 
 0 
 0 
 0 
 7 
 7 
 16 
 16 
 16 
 0 
 0 
 0 
 0 
 0 
 0 
 7 
 0 
 0 
 0 
 0 
 7 
 7 
 16 
 16 
 16 
 17 
 0 
 0 
 0 
 0 
 0 
 0 
 0 
 0 
 0 
 7 
 7 
 7 
 16 
 16 
 16 
 16 
 17 
 0 
 0 
 0 
 0 
 0 
 0 
 0 
 7 
 7 
 7 
 7 
 16 
 16 
 16 
 16 
 16 
 0 
 0 
 0 
 0 
 0 
 0 
 0 
 0 
 7 
 7 
 7 
