NONE
 0 
 7 
 7 
 7 
 7 
 7 
 7 
 7 
 12 
 12 
 7 
 7 
 7 
 7 
 7 
 7 
 7 
 7 
 7 
 7 
 7 
 7 
 7 
 7 
 12 
 12 
 7 
 7 
 7 
 7 
 7 
 7 
 7 
 0 
 7 
 7 
 7 
 7 
 7 
 7 
 12 
 12 
 7 
 7 
 7 
 7 
 0 
 0 
 7 
 0 
 0 
 0 
 7 
 7 
 7 
 7 
 12 
 12 
 7 
 7 
 7 
 0 
 0 
 0 
 0 
 0 
 0 
 0 
 0 
 7 
 7 
 7 
 12 
 12 
 12 
 7 
 0 
 0 
 0 
 0 
 0 
 0 
 0 
 0 
 0 
 7 
 7 
 7 
 7 
 7 
 12 
 0 
 0 
 0 
 0 
 0 
 0 
 0 
 0 
 0 
 0 
 7 
 0 
 0 
 7 
 7 
 12 
 0 
 0 
 0 
 0 
 0 
 0 
 7 
 0 
 0 
 0 
 0 
 0 
 0 
 0 
 7 
 12 
 0 
 0 
 0 
 0 
 0 
 0 
 7 
 7 
 0 
 0 
 0 
 0 
 0 
 0 
 0 
 12 
 0 
 0 
 0 
 0 
 0 
 0 
 7 
 7 
 0 
 0 
 3 
 2 
 1 
 1 
 0 
 12 
 0 
 0 
 7 
 0 
 7 
 0 
 7 
 7 
 0 
 0 
 0 
 2 
 1 
 10 
 12 
 12 
 0 
 0 
 0 
 0 
 7 
 7 
 7 
 7 
 0 
 0 
 3 
 2 
 1 
 1 
 12 
 0 
 0 
 7 
 7 
 0 
 7 
 0 
 7 
 0 
 0 
 0 
 0 
 2 
 2 
 1 
 12 
 0 
 0 
 0 
 0 
 7 
 0 
 0 
 0 
 0 
 0 
 0 
 0 
 2 
 1 
 1 
 12 
 0 
 0 
 0 
 0 
 0 
 0 
 0 
 0 
 0 
 0 
 2 
 2 
 2 
 2 
 2 
 12 
 0 
 0 
 0 
 0 
 0 
 0 
 0 
 0 
 0 
 0 
 0 
 2 
 2 
 2 
 2 
 12 
 0 
 0 
 0 
 0 
 0 
 0 
 0 
 0 
 0 
 0 
 0 
 0 
 0 
 2 
 2 
 12 
 15 
 0 
 0 
 0 
 0 
 0 
 7 
 7 
 7 
 7 
 0 
 0 
 0 
 0 
 0 
 12 
 0 
 0 
 0 
 0 
 0 
 7 
 7 
 7 
 7 
 7 
 0 
 0 
 0 
 7 
 0 
 12 
 0 
 0 
 0 
 0 
 7 
 7 
 7 
 7 
 7 
 7 
 7 
 7 
 0 
 0 
 0 
 12 
 0 
 0 
 0 
 0 
 7 
 7 
 7 
 7 
 7 
 7 
 7 
 7 
 7 
 0 
 0 
 12 
 0 
 0 
 0 
 7 
 7 
 7 
 7 
 7 
 7 
 7 
 7 
 7 
 7 
 0 
 0 
 12 
 0 
 0 
 0 
 0 
 7 
 7 
 7 
 7 
 7 
 7 
 7 
 7 
 7 
 7 
 0 
 12 
 7 
 7 
 7 
 7 
 7 
 7 
 7 
 7 
 7 
 7 
 7 
 7 
 7 
 7 
 0 
 12 
 7 
 7 
 7 
 7 
 7 
 7 
 7 
