FAUN
 3 
 16 
 16 
 16 
 16 
 16 
 16 
 16 
 16 
 16 
 16 
 16 
 16 
 16 
 16 
 16 
 16 
 16 
 16 
 16 
 16 
 16 
 16 
 16 
 16 
 16 
 16 
 16 
 16 
 16 
 16 
 16 
 16 
 16 
 16 
 16 
 16 
 16 
 16 
 16 
 16 
 16 
 16 
 16 
 16 
 16 
 16 
 16 
 16 
 16 
 16 
 16 
 16 
 16 
 16 
 16 
 16 
 16 
 16 
 16 
 16 
 16 
 16 
 16 
 16 
 16 
 16 
 16 
 16 
 16 
 16 
 16 
 16 
 18 
 0 
 0 
 7 
 0 
 0 
 0 
 0 
 16 
 16 
 16 
 16 
 16 
 16 
 18 
 0 
 0 
 0 
 0 
 0 
 0 
 0 
 0 
 0 
 16 
 16 
 16 
 16 
 16 
 16 
 0 
 0 
 0 
 7 
 0 
 0 
 0 
 0 
 0 
 0 
 16 
 16 
 16 
 16 
 16 
 16 
 0 
 0 
 0 
 0 
 0 
 7 
 0 
 0 
 7 
 0 
 16 
 16 
 16 
 16 
 16 
 16 
 0 
 0 
 0 
 0 
 7 
 0 
 0 
 0 
 0 
 0 
 16 
 16 
 16 
 16 
 16 
 2 
 2 
 2 
 0 
 7 
 7 
 0 
 7 
 7 
 0 
 0 
 16 
 16 
 16 
 16 
 16 
 0 
 0 
 2 
 0 
 7 
 7 
 7 
 7 
 7 
 0 
 0 
 16 
 16 
 16 
 16 
 14 
 9 
 0 
 2 
 0 
 0 
 0 
 7 
 7 
 7 
 7 
 0 
 16 
 16 
 16 
 16 
 16 
 0 
 0 
 2 
 0 
 0 
 7 
 7 
 7 
 7 
 0 
 0 
 16 
 16 
 16 
 16 
 16 
 0 
 0 
 2 
 0 
 0 
 0 
 7 
 7 
 7 
 0 
 0 
 13 
 13 
 13 
 13 
 13 
 0 
 0 
 2 
 0 
 7 
 0 
 7 
 7 
 7 
 0 
 0 
 16 
 16 
 16 
 16 
 16 
 0 
 0 
 2 
 0 
 0 
 0 
 0 
 7 
 7 
 0 
 7 
 16 
 16 
 16 
 16 
 16 
 0 
 0 
 2 
 0 
 0 
 0 
 0 
 7 
 7 
 7 
 7 
 16 
 16 
 16 
 16 
 16 
 2 
 2 
 2 
 0 
 0 
 7 
 0 
 7 
 7 
 7 
 7 
 16 
 16 
 16 
 16 
 16 
 0 
 0 
 0 
 0 
 0 
 0 
 0 
 7 
 0 
 0 
 0 
 16 
 16 
 16 
 16 
 16 
 17 
 0 
 0 
 0 
 0 
 7 
 0 
 0 
 0 
 0 
 0 
 16 
 16 
 16 
 16 
 16 
 16 
 17 
 0 
 0 
 0 
 0 
 0 
 0 
 7 
 0 
 0 
 16 
 16 
 16 
 16 
 16 
 16 
 16 
 16 
 16 
 16 
 17 
 0 
 0 
 0 
 0 
 0 
 16 
 16 
 16 
 16 
 16 
 16 
 16 
 16 
 16 
 16 
 16 
 16 
 16 
 16 
 16 
 16 
 16 
 16 
 16 
 16 
 16 
 16 
 16 
 16 
 16 
 16 
 16 
 16 
 16 
 16 
 16 
 16 
