NONE
 0 
 2 
 2 
 2 
 2 
 2 
 2 
 2 
 2 
 2 
 1 
 12 
 1 
 2 
 2 
 2 
 2 
 2 
 2 
 2 
 2 
 2 
 2 
 2 
 2 
 2 
 1 
 12 
 1 
 2 
 2 
 2 
 2 
 0 
 0 
 0 
 0 
 0 
 0 
 0 
 7 
 7 
 0 
 12 
 21 
 21 
 21 
 2 
 2 
 0 
 0 
 21 
 30 
 0 
 7 
 0 
 38 
 7 
 7 
 12 
 12 
 12 
 21 
 2 
 2 
 0 
 1 
 1 
 21 
 0 
 2 
 1 
 2 
 1 
 2 
 1 
 1 
 12 
 0 
 2 
 2 
 0 
 1 
 10 
 12 
 0 
 2 
 16 
 2 
 16 
 2 
 1 
 1 
 12 
 0 
 2 
 2 
 0 
 1 
 1 
 12 
 0 
 2 
 1 
 2 
 1 
 2 
 1 
 1 
 12 
 0 
 2 
 2 
 0 
 1 
 1 
 12 
 0 
 0 
 0 
 2 
 1 
 2 
 1 
 8 
 12 
 0 
 2 
 2 
 0 
 1 
 1 
 12 
 0 
 0 
 0 
 0 
 0 
 2 
 1 
 1 
 12 
 0 
 2 
 2 
 0 
 1 
 1 
 12 
 1 
 1 
 21 
 31 
 0 
 21 
 21 
 0 
 12 
 0 
 2 
 2 
 0 
 0 
 21 
 12 
 1 
 1 
 1 
 21 
 0 
 12 
 12 
 12 
 12 
 0 
 2 
 2 
 0 
 0 
 21 
 12 
 1 
 1 
 10 
 12 
 0 
 12 
 0 
 32 
 12 
 12 
 2 
 2 
 0 
 0 
 0 
 12 
 1 
 1 
 1 
 12 
 0 
 12 
 1 
 1 
 1 
 12 
 2 
 2 
 12 
 12 
 12 
 12 
 12 
 12 
 12 
 12 
 12 
 12 
 1 
 1 
 8 
 12 
 2 
 2 
 12 
 12 
 12 
 12 
 12 
 12 
 12 
 12 
 12 
 12 
 1 
 1 
 1 
 21 
 2 
 2 
 0 
 0 
 0 
 0 
 29 
 12 
 12 
 21 
 21 
 2 
 1 
 16 
 1 
 21 
 2 
 2 
 0 
 7 
 0 
 2 
 1 
 12 
 12 
 21 
 0 
 2 
 1 
 1 
 1 
 21 
 2 
 2 
 0 
 0 
 2 
 1 
 8 
 12 
 12 
 21 
 0 
 2 
 1 
 16 
 1 
 21 
 2 
 2 
 0 
 2 
 1 
 1 
 1 
 12 
 12 
 21 
 0 
 2 
 1 
 1 
 1 
 21 
 2 
 2 
 0 
 2 
 1 
 1 
 1 
 12 
 12 
 0 
 0 
 2 
 1 
 1 
 1 
 0 
 2 
 2 
 0 
 0 
 2 
 1 
 8 
 12 
 12 
 0 
 0 
 0 
 0 
 0 
 0 
 0 
 2 
 2 
 0 
 0 
 7 
 2 
 1 
 12 
 12 
 7 
 7 
 0 
 0 
 7 
 0 
 0 
 2 
 2 
 7 
 7 
 7 
 7 
 7 
 12 
 12 
 7 
 7 
 7 
 7 
 7 
 0 
 0 
 2 
 2 
 7 
 7 
 7 
 7 
 7 
 12 
 12 
 7 
 7 
 7 
 7 
 0 
 0 
 0 
 2 
 2 
