CRAWLER
 3 
 16 
 16 
 16 
 16 
 16 
 16 
 16 
 0 
 0 
 0 
 19 
 23 
 23 
 16 
 16 
 16 
 16 
 16 
 16 
 16 
 16 
 16 
 18 
 0 
 0 
 0 
 19 
 23 
 23 
 16 
 16 
 16 
 16 
 16 
 16 
 16 
 16 
 18 
 0 
 0 
 0 
 0 
 19 
 23 
 23 
 16 
 16 
 16 
 16 
 16 
 16 
 2 
 0 
 0 
 2 
 0 
 0 
 0 
 19 
 23 
 23 
 16 
 16 
 16 
 16 
 16 
 16 
 0 
 2 
 0 
 0 
 0 
 0 
 0 
 19 
 23 
 23 
 16 
 16 
 16 
 16 
 16 
 16 
 0 
 2 
 0 
 0 
 0 
 2 
 0 
 19 
 23 
 23 
 16 
 16 
 16 
 16 
 16 
 16 
 0 
 0 
 0 
 2 
 0 
 0 
 0 
 19 
 23 
 23 
 23 
 23 
 23 
 16 
 16 
 16 
 0 
 0 
 2 
 0 
 0 
 0 
 0 
 19 
 23 
 23 
 23 
 23 
 23 
 16 
 16 
 16 
 16 
 16 
 16 
 16 
 17 
 0 
 0 
 19 
 16 
 16 
 16 
 16 
 16 
 16 
 16 
 16 
 16 
 16 
 16 
 16 
 16 
 0 
 0 
 0 
 0 
 0 
 2 
 0 
 0 
 16 
 16 
 16 
 16 
 16 
 16 
 16 
 16 
 0 
 0 
 2 
 0 
 0 
 0 
 0 
 0 
 16 
 16 
 16 
 0 
 0 
 19 
 16 
 16 
 0 
 0 
 0 
 0 
 2 
 0 
 2 
 0 
 16 
 16 
 16 
 0 
 0 
 19 
 16 
 16 
 2 
 0 
 2 
 0 
 0 
 0 
 0 
 0 
 16 
 16 
 16 
 0 
 0 
 19 
 16 
 16 
 16 
 16 
 17 
 0 
 0 
 0 
 0 
 0 
 16 
 16 
 16 
 0 
 0 
 19 
 16 
 16 
 16 
 16 
 16 
 0 
 0 
 2 
 0 
 2 
 16 
 16 
 16 
 0 
 0 
 19 
 16 
 16 
 16 
 16 
 18 
 0 
 2 
 0 
 0 
 0 
 16 
 16 
 16 
 0 
 0 
 0 
 0 
 0 
 0 
 2 
 0 
 0 
 0 
 0 
 0 
 2 
 16 
 16 
 16 
 0 
 0 
 0 
 0 
 2 
 0 
 0 
 0 
 0 
 0 
 2 
 0 
 0 
 16 
 16 
 16 
 17 
 0 
 2 
 0 
 0 
 0 
 0 
 2 
 0 
 0 
 0 
 0 
 0 
 16 
 16 
 16 
 16 
 0 
 0 
 0 
 0 
 0 
 0 
 0 
 0 
 0 
 0 
 2 
 0 
 16 
 16 
 16 
 16 
 16 
 16 
 16 
 17 
 0 
 0 
 0 
 0 
 0 
 0 
 0 
 0 
 16 
 16 
 16 
 16 
 16 
 16 
 16 
 16 
 16 
 16 
 16 
 16 
 16 
 16 
 16 
 16 
 16 
 16 
 16 
 16 
 16 
 16 
 16 
 16 
 16 
 16 
 16 
 16 
 16 
 16 
 16 
 16 
 16 
 16 
 16 
 16 
 16 
 16 
 16 
 16 
 16 
 16 
 16 
 16 
 16 
 16 
 16 
 16 
