GHOST
 2 
 1 
 1 
 1 
 1 
 1 
 1 
 1 
 1 
 1 
 1 
 1 
 1 
 1 
 1 
 1 
 1 
 1 
 1 
 1 
 1 
 1 
 1 
 1 
 1 
 1 
 1 
 1 
 1 
 1 
 1 
 1 
 1 
 1 
 1 
 0 
 0 
 7 
 7 
 0 
 7 
 0 
 7 
 7 
 0 
 7 
 0 
 7 
 7 
 1 
 1 
 7 
 7 
 0 
 7 
 0 
 0 
 7 
 0 
 7 
 7 
 0 
 7 
 0 
 7 
 1 
 1 
 7 
 0 
 0 
 7 
 0 
 7 
 0 
 7 
 0 
 0 
 7 
 0 
 7 
 7 
 1 
 1 
 0 
 0 
 7 
 0 
 0 
 0 
 7 
 0 
 0 
 7 
 0 
 7 
 0 
 0 
 1 
 1 
 0 
 0 
 0 
 12 
 12 
 12 
 12 
 12 
 12 
 12 
 12 
 12 
 12 
 12 
 1 
 1 
 0 
 0 
 0 
 12 
 12 
 12 
 12 
 12 
 12 
 12 
 12 
 12 
 12 
 12 
 2 
 2 
 0 
 0 
 0 
 12 
 12 
 0 
 0 
 0 
 0 
 0 
 0 
 0 
 0 
 0 
 0 
 0 
 3 
 0 
 21 
 12 
 12 
 0 
 5 
 0 
 5 
 0 
 5 
 0 
 5 
 0 
 0 
 0 
 0 
 21 
 21 
 12 
 12 
 0 
 0 
 0 
 0 
 0 
 0 
 0 
 0 
 0 
 12 
 12 
 12 
 12 
 12 
 12 
 12 
 0 
 5 
 0 
 5 
 0 
 5 
 0 
 5 
 0 
 12 
 12 
 12 
 12 
 12 
 12 
 12 
 0 
 0 
 0 
 0 
 0 
 0 
 0 
 0 
 0 
 0 
 0 
 0 
 21 
 21 
 12 
 12 
 0 
 5 
 0 
 5 
 0 
 5 
 0 
 5 
 0 
 0 
 0 
 3 
 0 
 21 
 12 
 12 
 0 
 0 
 0 
 0 
 0 
 0 
 0 
 0 
 0 
 2 
 2 
 0 
 0 
 0 
 12 
 12 
 0 
 5 
 0 
 5 
 0 
 5 
 0 
 5 
 0 
 1 
 1 
 0 
 0 
 0 
 12 
 12 
 0 
 0 
 0 
 0 
 0 
 0 
 0 
 0 
 0 
 1 
 1 
 0 
 0 
 0 
 12 
 12 
 0 
 5 
 0 
 5 
 0 
 5 
 0 
 5 
 0 
 1 
 1 
 7 
 0 
 0 
 12 
 12 
 0 
 0 
 0 
 0 
 0 
 0 
 0 
 0 
 0 
 1 
 1 
 7 
 0 
 7 
 12 
 12 
 0 
 5 
 0 
 5 
 0 
 5 
 0 
 5 
 0 
 1 
 1 
 0 
 7 
 0 
 12 
 12 
 0 
 0 
 0 
 0 
 0 
 0 
 0 
 0 
 0 
 1 
 1 
 7 
 0 
 0 
 12 
 12 
 0 
 5 
 0 
 5 
 0 
 5 
 0 
 5 
 0 
 1 
 1 
 0 
 7 
 7 
 12 
 12 
 0 
 0 
 0 
 0 
 0 
 0 
 0 
 0 
 0 
 1 
 1 
 7 
 0 
 0 
 12 
 12 
 0 
 5 
 0 
 5 
 0 
 5 
 0 
 5 
 0 
