NONE
 0 
 19 
 16 
 16 
 16 
 16 
 0 
 0 
 0 
 0 
 0 
 0 
 19 
 16 
 16 
 16 
 16 
 19 
 16 
 16 
 16 
 16 
 0 
 0 
 0 
 0 
 0 
 0 
 19 
 16 
 16 
 16 
 16 
 0 
 19 
 16 
 16 
 18 
 0 
 7 
 0 
 0 
 0 
 0 
 19 
 16 
 16 
 16 
 16 
 19 
 16 
 16 
 16 
 0 
 0 
 0 
 0 
 0 
 0 
 0 
 0 
 19 
 16 
 16 
 16 
 19 
 16 
 16 
 16 
 0 
 7 
 0 
 0 
 0 
 0 
 0 
 0 
 19 
 16 
 16 
 16 
 16 
 16 
 16 
 18 
 0 
 0 
 0 
 0 
 0 
 0 
 0 
 0 
 19 
 16 
 16 
 16 
 16 
 16 
 16 
 0 
 0 
 0 
 0 
 0 
 7 
 0 
 0 
 0 
 0 
 19 
 16 
 16 
 16 
 16 
 16 
 0 
 0 
 0 
 0 
 7 
 7 
 7 
 0 
 0 
 0 
 19 
 16 
 16 
 16 
 16 
 18 
 0 
 0 
 0 
 7 
 0 
 7 
 0 
 7 
 0 
 0 
 19 
 16 
 16 
 16 
 16 
 0 
 0 
 0 
 0 
 0 
 0 
 7 
 0 
 0 
 0 
 0 
 0 
 19 
 16 
 16 
 16 
 7 
 0 
 0 
 0 
 0 
 0 
 7 
 0 
 0 
 0 
 0 
 0 
 19 
 16 
 16 
 16 
 0 
 0 
 0 
 12 
 0 
 0 
 7 
 0 
 0 
 12 
 0 
 0 
 19 
 16 
 16 
 16 
 0 
 0 
 0 
 12 
 12 
 0 
 7 
 0 
 0 
 12 
 12 
 0 
 19 
 16 
 16 
 16 
 0 
 7 
 0 
 12 
 12 
 0 
 7 
 0 
 0 
 12 
 12 
 0 
 19 
 16 
 16 
 16 
 0 
 0 
 0 
 15 
 12 
 0 
 7 
 0 
 0 
 0 
 12 
 0 
 19 
 16 
 16 
 16 
 17 
 0 
 0 
 0 
 12 
 0 
 7 
 0 
 0 
 0 
 0 
 19 
 16 
 16 
 16 
 16 
 16 
 0 
 0 
 0 
 0 
 0 
 7 
 0 
 0 
 0 
 0 
 19 
 16 
 16 
 16 
 16 
 16 
 0 
 0 
 0 
 0 
 0 
 0 
 0 
 0 
 0 
 0 
 19 
 16 
 16 
 16 
 16 
 16 
 17 
 0 
 0 
 0 
 0 
 0 
 0 
 0 
 0 
 19 
 16 
 16 
 16 
 19 
 16 
 16 
 16 
 0 
 0 
 7 
 0 
 0 
 0 
 7 
 0 
 19 
 16 
 16 
 16 
 0 
 19 
 16 
 16 
 0 
 0 
 0 
 0 
 7 
 0 
 0 
 0 
 19 
 16 
 16 
 16 
 0 
 19 
 16 
 16 
 17 
 0 
 0 
 0 
 0 
 0 
 0 
 19 
 16 
 16 
 16 
 16 
 19 
 16 
 16 
 16 
 16 
 16 
 16 
 16 
 16 
 16 
 16 
 16 
 16 
 16 
 16 
 16 
 19 
 16 
 16 
 16 
 16 
 16 
 16 
 16 
 16 
 16 
 16 
 16 
 16 
 16 
 16 
 16 
