LIZARD
 3 
 7 
 7 
 0 
 0 
 0 
 0 
 0 
 0 
 0 
 0 
 0 
 0 
 19 
 16 
 16 
 16 
 7 
 7 
 21 
 0 
 0 
 0 
 0 
 0 
 0 
 0 
 0 
 0 
 19 
 16 
 16 
 16 
 7 
 7 
 7 
 0 
 0 
 21 
 7 
 0 
 0 
 0 
 0 
 0 
 19 
 16 
 16 
 16 
 7 
 7 
 7 
 0 
 0 
 21 
 7 
 7 
 7 
 0 
 0 
 0 
 19 
 16 
 16 
 16 
 7 
 7 
 7 
 0 
 0 
 0 
 0 
 7 
 7 
 7 
 0 
 0 
 19 
 16 
 16 
 16 
 21 
 7 
 7 
 0 
 34 
 36 
 0 
 7 
 7 
 7 
 0 
 0 
 19 
 16 
 16 
 16 
 21 
 7 
 7 
 0 
 22 
 22 
 0 
 7 
 7 
 7 
 0 
 0 
 19 
 16 
 16 
 16 
 0 
 7 
 7 
 21 
 35 
 22 
 36 
 21 
 7 
 7 
 0 
 0 
 19 
 16 
 16 
 16 
 0 
 7 
 7 
 7 
 21 
 35 
 37 
 21 
 7 
 7 
 0 
 0 
 19 
 16 
 16 
 16 
 0 
 0 
 7 
 7 
 0 
 0 
 21 
 7 
 7 
 0 
 0 
 0 
 19 
 16 
 16 
 16 
 0 
 0 
 7 
 7 
 7 
 7 
 7 
 7 
 0 
 0 
 0 
 0 
 19 
 16 
 16 
 16 
 0 
 0 
 7 
 7 
 7 
 7 
 0 
 0 
 0 
 0 
 0 
 0 
 19 
 16 
 16 
 16 
 0 
 0 
 21 
 7 
 12 
 12 
 12 
 0 
 7 
 7 
 0 
 0 
 19 
 16 
 16 
 16 
 0 
 0 
 0 
 12 
 12 
 12 
 12 
 7 
 7 
 7 
 7 
 0 
 0 
 19 
 16 
 16 
 0 
 12 
 12 
 12 
 12 
 12 
 7 
 7 
 7 
 7 
 7 
 0 
 0 
 19 
 16 
 16 
 0 
 0 
 12 
 12 
 12 
 7 
 7 
 7 
 0 
 7 
 7 
 0 
 0 
 19 
 16 
 16 
 0 
 0 
 12 
 12 
 0 
 21 
 7 
 7 
 0 
 7 
 7 
 0 
 0 
 19 
 16 
 16 
 0 
 0 
 12 
 12 
 0 
 21 
 7 
 7 
 0 
 7 
 7 
 0 
 0 
 19 
 16 
 16 
 7 
 0 
 12 
 0 
 0 
 7 
 7 
 21 
 0 
 7 
 7 
 0 
 0 
 19 
 16 
 16 
 7 
 21 
 0 
 0 
 21 
 7 
 7 
 0 
 0 
 7 
 7 
 0 
 0 
 19 
 16 
 16 
 7 
 7 
 0 
 0 
 7 
 7 
 0 
 0 
 21 
 7 
 7 
 0 
 0 
 0 
 19 
 16 
 7 
 7 
 7 
 0 
 0 
 0 
 0 
 0 
 0 
 21 
 7 
 7 
 0 
 0 
 19 
 16 
 7 
 7 
 7 
 0 
 0 
 0 
 0 
 0 
 0 
 0 
 21 
 0 
 0 
 0 
 19 
 16 
 7 
 7 
 7 
 0 
 0 
 0 
 0 
 0 
 0 
 0 
 0 
 0 
 0 
 0 
 19 
 16 
