SOLDIER
 2 
 16 
 16 
 16 
 16 
 16 
 16 
 16 
 16 
 0 
 0 
 0 
 0 
 7 
 7 
 7 
 7 
 16 
 16 
 16 
 16 
 16 
 16 
 16 
 16 
 0 
 0 
 0 
 0 
 0 
 7 
 7 
 7 
 16 
 16 
 16 
 16 
 16 
 16 
 16 
 16 
 0 
 0 
 0 
 0 
 0 
 7 
 7 
 0 
 16 
 16 
 16 
 16 
 16 
 16 
 16 
 16 
 0 
 0 
 0 
 0 
 0 
 0 
 0 
 0 
 16 
 16 
 16 
 16 
 16 
 16 
 16 
 16 
 0 
 0 
 7 
 0 
 0 
 0 
 0 
 0 
 16 
 16 
 16 
 16 
 16 
 16 
 16 
 16 
 0 
 0 
 7 
 0 
 0 
 0 
 0 
 0 
 16 
 16 
 16 
 16 
 16 
 16 
 16 
 18 
 0 
 0 
 0 
 0 
 0 
 0 
 7 
 0 
 16 
 16 
 16 
 16 
 16 
 16 
 18 
 0 
 0 
 0 
 0 
 0 
 0 
 7 
 7 
 0 
 16 
 16 
 16 
 16 
 16 
 16 
 0 
 0 
 0 
 0 
 0 
 0 
 0 
 0 
 0 
 0 
 16 
 16 
 16 
 16 
 16 
 16 
 0 
 0 
 0 
 0 
 0 
 7 
 0 
 7 
 0 
 0 
 16 
 16 
 16 
 16 
 16 
 16 
 0 
 0 
 7 
 0 
 0 
 7 
 0 
 0 
 0 
 21 
 16 
 16 
 16 
 16 
 16 
 16 
 0 
 0 
 7 
 0 
 0 
 7 
 7 
 0 
 21 
 0 
 16 
 16 
 16 
 16 
 16 
 16 
 0 
 7 
 0 
 0 
 0 
 7 
 7 
 0 
 21 
 0 
 16 
 16 
 16 
 16 
 16 
 16 
 0 
 0 
 0 
 0 
 7 
 7 
 0 
 0 
 0 
 0 
 16 
 16 
 16 
 16 
 16 
 16 
 0 
 0 
 0 
 7 
 7 
 7 
 0 
 21 
 0 
 0 
 16 
 16 
 16 
 16 
 16 
 16 
 0 
 0 
 0 
 7 
 7 
 7 
 0 
 21 
 0 
 0 
 16 
 16 
 16 
 16 
 16 
 18 
 0 
 0 
 0 
 7 
 7 
 0 
 0 
 21 
 0 
 0 
 16 
 16 
 16 
 16 
 16 
 0 
 0 
 0 
 0 
 7 
 0 
 0 
 0 
 0 
 0 
 0 
 16 
 16 
 16 
 16 
 16 
 0 
 0 
 0 
 0 
 0 
 0 
 0 
 0 
 0 
 0 
 7 
 16 
 16 
 16 
 16 
 16 
 0 
 0 
 0 
 7 
 7 
 0 
 0 
 7 
 7 
 7 
 7 
 16 
 16 
 16 
 16 
 16 
 0 
 0 
 0 
 0 
 7 
 7 
 7 
 7 
 7 
 7 
 0 
 16 
 16 
 16 
 16 
 16 
 0 
 0 
 0 
 0 
 0 
 7 
 7 
 7 
 7 
 0 
 0 
 16 
 16 
 16 
 16 
 16 
 0 
 0 
 0 
 0 
 0 
 0 
 7 
 0 
 0 
 0 
 0 
 16 
 16 
 16 
 16 
 16 
 0 
 0 
 0 
 0 
 0 
 0 
 0 
 0 
 0 
 0 
 0 
