DINO
 1 
 16 
 16 
 16 
 16 
 16 
 16 
 16 
 16 
 16 
 16 
 16 
 16 
 16 
 16 
 16 
 16 
 16 
 16 
 16 
 16 
 16 
 16 
 16 
 16 
 16 
 16 
 16 
 16 
 16 
 16 
 16 
 16 
 0 
 0 
 0 
 19 
 16 
 16 
 16 
 16 
 16 
 16 
 16 
 16 
 16 
 16 
 16 
 16 
 0 
 0 
 0 
 0 
 0 
 19 
 16 
 16 
 16 
 16 
 16 
 16 
 16 
 16 
 16 
 16 
 0 
 0 
 0 
 0 
 0 
 0 
 0 
 0 
 0 
 0 
 0 
 0 
 19 
 16 
 16 
 16 
 0 
 0 
 0 
 0 
 0 
 0 
 0 
 0 
 0 
 0 
 0 
 0 
 0 
 19 
 16 
 16 
 0 
 0 
 0 
 0 
 0 
 0 
 0 
 0 
 0 
 0 
 0 
 0 
 0 
 19 
 16 
 16 
 0 
 0 
 0 
 0 
 0 
 0 
 0 
 9 
 9 
 9 
 9 
 0 
 0 
 0 
 19 
 16 
 0 
 0 
 0 
 0 
 0 
 0 
 0 
 9 
 0 
 9 
 0 
 0 
 0 
 0 
 19 
 16 
 0 
 0 
 0 
 0 
 0 
 0 
 9 
 0 
 9 
 0 
 9 
 0 
 0 
 0 
 19 
 16 
 0 
 0 
 0 
 0 
 0 
 0 
 0 
 0 
 9 
 0 
 0 
 0 
 0 
 0 
 19 
 16 
 0 
 0 
 0 
 0 
 9 
 0 
 9 
 0 
 9 
 0 
 9 
 9 
 0 
 0 
 19 
 16 
 0 
 0 
 0 
 0 
 0 
 0 
 0 
 0 
 9 
 0 
 0 
 0 
 0 
 0 
 19 
 16 
 0 
 0 
 0 
 0 
 0 
 0 
 0 
 9 
 0 
 0 
 0 
 9 
 0 
 0 
 19 
 16 
 0 
 0 
 0 
 0 
 0 
 9 
 0 
 0 
 0 
 9 
 0 
 0 
 0 
 0 
 19 
 16 
 17 
 0 
 0 
 0 
 9 
 9 
 0 
 0 
 0 
 9 
 9 
 0 
 0 
 0 
 19 
 16 
 16 
 0 
 0 
 0 
 0 
 0 
 9 
 0 
 0 
 0 
 0 
 0 
 0 
 19 
 16 
 16 
 16 
 16 
 17 
 0 
 0 
 0 
 0 
 0 
 0 
 0 
 0 
 0 
 19 
 16 
 16 
 16 
 16 
 16 
 16 
 17 
 0 
 0 
 0 
 0 
 0 
 0 
 19 
 16 
 16 
 16 
 16 
 16 
 16 
 16 
 16 
 16 
 16 
 16 
 16 
 16 
 16 
 16 
 16 
 16 
 16 
 16 
 16 
 16 
 16 
 16 
 16 
 16 
 16 
 16 
 16 
 16 
 16 
 16 
 16 
 16 
 16 
 16 
 16 
 16 
 16 
 16 
 16 
 16 
 16 
 16 
 16 
 16 
 16 
 16 
 16 
 16 
 16 
 16 
 16 
 16 
 16 
 16 
 16 
 16 
 16 
 16 
 16 
 16 
 16 
 16 
 16 
 16 
 16 
 16 
 16 
 16 
 16 
 16 
 16 
 16 
 16 
 16 
 16 
 16 
 16 
 16 
 16 
 16 
 16 
 16 
 16 
 16 
