SOLDIER
 3 
 19 
 16 
 16 
 16 
 16 
 0 
 0 
 0 
 0 
 0 
 0 
 19 
 16 
 16 
 16 
 16 
 0 
 19 
 16 
 16 
 16 
 0 
 0 
 7 
 7 
 0 
 0 
 19 
 16 
 16 
 16 
 16 
 0 
 0 
 19 
 16 
 16 
 0 
 7 
 7 
 7 
 0 
 0 
 19 
 16 
 16 
 16 
 16 
 0 
 19 
 16 
 16 
 18 
 0 
 7 
 7 
 7 
 7 
 0 
 0 
 19 
 16 
 16 
 16 
 0 
 19 
 16 
 16 
 0 
 0 
 7 
 7 
 0 
 0 
 0 
 0 
 19 
 16 
 16 
 16 
 0 
 19 
 16 
 16 
 0 
 7 
 7 
 0 
 0 
 0 
 0 
 0 
 0 
 13 
 13 
 13 
 19 
 16 
 16 
 16 
 0 
 7 
 7 
 0 
 0 
 7 
 0 
 0 
 0 
 19 
 16 
 16 
 19 
 16 
 16 
 16 
 0 
 0 
 7 
 0 
 7 
 7 
 0 
 0 
 0 
 19 
 16 
 16 
 19 
 16 
 16 
 16 
 0 
 0 
 7 
 0 
 7 
 7 
 0 
 0 
 0 
 19 
 16 
 16 
 0 
 19 
 16 
 16 
 17 
 0 
 7 
 0 
 7 
 0 
 0 
 0 
 19 
 16 
 16 
 16 
 0 
 19 
 16 
 16 
 16 
 0 
 7 
 0 
 0 
 0 
 0 
 0 
 19 
 16 
 16 
 16 
 0 
 19 
 16 
 16 
 16 
 0 
 0 
 0 
 0 
 15 
 0 
 0 
 19 
 16 
 16 
 16 
 0 
 0 
 19 
 16 
 16 
 0 
 0 
 7 
 0 
 0 
 0 
 0 
 19 
 16 
 16 
 16 
 0 
 0 
 19 
 16 
 16 
 0 
 0 
 7 
 0 
 0 
 0 
 0 
 19 
 16 
 16 
 16 
 0 
 19 
 16 
 16 
 18 
 0 
 7 
 7 
 0 
 0 
 0 
 0 
 19 
 16 
 16 
 16 
 0 
 19 
 16 
 16 
 0 
 0 
 7 
 7 
 0 
 0 
 0 
 19 
 16 
 16 
 16 
 16 
 0 
 19 
 16 
 16 
 0 
 0 
 7 
 7 
 7 
 0 
 0 
 19 
 16 
 16 
 16 
 16 
 19 
 16 
 16 
 16 
 0 
 0 
 7 
 0 
 7 
 0 
 0 
 19 
 16 
 16 
 16 
 16 
 19 
 16 
 16 
 16 
 0 
 0 
 7 
 0 
 0 
 0 
 0 
 19 
 16 
 16 
 16 
 16 
 19 
 16 
 16 
 16 
 17 
 0 
 0 
 0 
 0 
 0 
 19 
 16 
 16 
 16 
 16 
 16 
 0 
 19 
 16 
 16 
 16 
 0 
 0 
 0 
 0 
 0 
 19 
 16 
 16 
 16 
 16 
 16 
 0 
 19 
 16 
 16 
 16 
 17 
 0 
 0 
 0 
 0 
 19 
 16 
 16 
 16 
 16 
 16 
 0 
 19 
 16 
 16 
 16 
 16 
 17 
 0 
 0 
 19 
 16 
 16 
 16 
 16 
 16 
 16 
 0 
 19 
 16 
 16 
 16 
 16 
 16 
 0 
 0 
 19 
 16 
 16 
 16 
 16 
 16 
 16 
