FAUN
 2 
 7 
 7 
 7 
 7 
 7 
 7 
 7 
 7 
 7 
 7 
 7 
 7 
 7 
 7 
 7 
 7 
 7 
 7 
 7 
 7 
 7 
 7 
 7 
 7 
 7 
 7 
 7 
 7 
 7 
 7 
 7 
 7 
 0 
 7 
 0 
 0 
 0 
 7 
 7 
 0 
 7 
 7 
 0 
 7 
 0 
 0 
 0 
 7 
 0 
 0 
 0 
 0 
 0 
 0 
 0 
 0 
 0 
 0 
 0 
 7 
 0 
 0 
 0 
 0 
 0 
 7 
 7 
 0 
 0 
 7 
 0 
 7 
 0 
 7 
 7 
 0 
 0 
 0 
 0 
 0 
 0 
 7 
 0 
 0 
 0 
 0 
 0 
 0 
 7 
 0 
 0 
 0 
 7 
 0 
 7 
 0 
 0 
 0 
 0 
 0 
 7 
 0 
 0 
 0 
 7 
 0 
 0 
 0 
 0 
 0 
 0 
 0 
 0 
 0 
 7 
 0 
 7 
 0 
 0 
 0 
 0 
 0 
 0 
 0 
 0 
 0 
 0 
 0 
 0 
 0 
 0 
 0 
 0 
 0 
 4 
 1 
 1 
 21 
 0 
 0 
 7 
 0 
 0 
 0 
 0 
 0 
 0 
 0 
 7 
 0 
 4 
 1 
 10 
 12 
 12 
 0 
 0 
 0 
 0 
 7 
 0 
 0 
 0 
 0 
 0 
 0 
 0 
 1 
 1 
 21 
 12 
 0 
 7 
 7 
 0 
 0 
 0 
 0 
 0 
 0 
 0 
 2 
 2 
 1 
 1 
 21 
 12 
 12 
 0 
 0 
 0 
 0 
 7 
 7 
 0 
 0 
 0 
 0 
 1 
 1 
 1 
 21 
 21 
 12 
 0 
 0 
 0 
 0 
 0 
 0 
 7 
 0 
 0 
 2 
 2 
 1 
 1 
 21 
 21 
 12 
 0 
 7 
 0 
 0 
 0 
 0 
 0 
 0 
 0 
 0 
 1 
 1 
 1 
 21 
 0 
 12 
 0 
 0 
 0 
 0 
 0 
 0 
 0 
 7 
 0 
 2 
 2 
 1 
 1 
 0 
 0 
 12 
 0 
 0 
 0 
 0 
 0 
 0 
 0 
 0 
 0 
 0 
 1 
 1 
 1 
 0 
 15 
 12 
 12 
 12 
 0 
 0 
 0 
 0 
 0 
 0 
 0 
 0 
 0 
 0 
 0 
 0 
 0 
 12 
 12 
 12 
 0 
 0 
 0 
 0 
 0 
 0 
 0 
 0 
 0 
 0 
 0 
 0 
 0 
 12 
 12 
 12 
 0 
 0 
 0 
 0 
 7 
 0 
 0 
 7 
 0 
 0 
 7 
 0 
 0 
 12 
 12 
 12 
 12 
 0 
 0 
 0 
 0 
 0 
 0 
 0 
 0 
 7 
 0 
 0 
 0 
 0 
 12 
 12 
 12 
 0 
 0 
 0 
 0 
 0 
 0 
 0 
 7 
 0 
 7 
 7 
 0 
 0 
 0 
 12 
 0 
 0 
 0 
 0 
 0 
 0 
 0 
 0 
 0 
 7 
 7 
 7 
 0 
 0 
 0 
 0 
 0 
 0 
 0 
 0 
 0 
 0 
 0 
 0 
 0 
 7 
 7 
 7 
 7 
 0 
 0 
 0 
 0 
 0 
