HORNET
 3 
 7 
 7 
 7 
 7 
 0 
 22 
 22 
 22 
 22 
 22 
 22 
 22 
 22 
 22 
 22 
 22 
 7 
 7 
 7 
 7 
 0 
 22 
 22 
 22 
 22 
 22 
 22 
 22 
 22 
 22 
 22 
 22 
 0 
 7 
 7 
 0 
 0 
 22 
 22 
 22 
 22 
 22 
 22 
 22 
 22 
 22 
 22 
 22 
 0 
 0 
 0 
 0 
 0 
 22 
 22 
 22 
 22 
 22 
 22 
 22 
 22 
 22 
 22 
 22 
 0 
 0 
 0 
 0 
 0 
 22 
 22 
 22 
 22 
 22 
 22 
 22 
 22 
 22 
 22 
 22 
 0 
 0 
 12 
 0 
 0 
 22 
 22 
 22 
 22 
 22 
 22 
 22 
 22 
 22 
 22 
 22 
 0 
 12 
 12 
 12 
 0 
 22 
 22 
 22 
 22 
 22 
 22 
 22 
 22 
 22 
 22 
 22 
 0 
 12 
 12 
 12 
 0 
 22 
 22 
 22 
 22 
 22 
 22 
 22 
 22 
 22 
 22 
 22 
 0 
 0 
 0 
 12 
 0 
 22 
 22 
 22 
 22 
 22 
 22 
 22 
 22 
 22 
 22 
 22 
 0 
 0 
 0 
 0 
 0 
 35 
 22 
 22 
 22 
 22 
 22 
 22 
 22 
 22 
 22 
 22 
 0 
 0 
 7 
 0 
 0 
 0 
 22 
 22 
 22 
 22 
 22 
 22 
 22 
 22 
 22 
 22 
 0 
 0 
 7 
 7 
 0 
 0 
 22 
 22 
 22 
 22 
 22 
 22 
 22 
 22 
 22 
 22 
 0 
 0 
 7 
 7 
 0 
 0 
 22 
 22 
 22 
 22 
 22 
 22 
 22 
 22 
 22 
 22 
 0 
 0 
 7 
 0 
 0 
 0 
 22 
 22 
 22 
 22 
 22 
 22 
 22 
 22 
 22 
 22 
 0 
 7 
 7 
 0 
 0 
 0 
 22 
 22 
 22 
 22 
 22 
 22 
 22 
 22 
 22 
 22 
 0 
 7 
 7 
 0 
 0 
 0 
 22 
 22 
 22 
 22 
 22 
 22 
 22 
 22 
 22 
 22 
 0 
 0 
 7 
 0 
 0 
 0 
 22 
 22 
 22 
 22 
 22 
 22 
 22 
 22 
 22 
 22 
 0 
 0 
 0 
 0 
 0 
 0 
 22 
 22 
 22 
 22 
 22 
 22 
 22 
 22 
 22 
 22 
 0 
 0 
 12 
 0 
 0 
 0 
 22 
 22 
 22 
 22 
 22 
 22 
 22 
 22 
 22 
 22 
 0 
 0 
 12 
 0 
 0 
 0 
 22 
 22 
 22 
 22 
 22 
 22 
 22 
 22 
 22 
 22 
 0 
 0 
 0 
 0 
 0 
 0 
 35 
 22 
 22 
 22 
 22 
 22 
 22 
 22 
 22 
 22 
 7 
 7 
 0 
 0 
 0 
 0 
 0 
 22 
 22 
 22 
 22 
 22 
 22 
 22 
 22 
 22 
 7 
 7 
 7 
 0 
 0 
 0 
 0 
 22 
 22 
 22 
 22 
 22 
 22 
 22 
 22 
 22 
 7 
 7 
 7 
 0 
 0 
 0 
 0 
 22 
 22 
 22 
 22 
 22 
 22 
 22 
 22 
 22 
