SOLDIER
 2 
 16 
 16 
 16 
 16 
 16 
 16 
 16 
 7 
 7 
 7 
 7 
 7 
 7 
 7 
 7 
 7 
 16 
 16 
 16 
 16 
 16 
 16 
 18 
 7 
 7 
 7 
 7 
 7 
 7 
 7 
 7 
 7 
 16 
 16 
 16 
 16 
 16 
 18 
 0 
 0 
 0 
 0 
 0 
 7 
 7 
 7 
 0 
 0 
 16 
 16 
 16 
 16 
 16 
 0 
 0 
 7 
 7 
 0 
 7 
 0 
 0 
 0 
 0 
 0 
 16 
 16 
 16 
 16 
 16 
 0 
 0 
 0 
 7 
 0 
 0 
 0 
 0 
 0 
 0 
 0 
 16 
 16 
 16 
 16 
 16 
 0 
 0 
 0 
 0 
 0 
 7 
 0 
 0 
 7 
 0 
 0 
 16 
 16 
 16 
 16 
 16 
 0 
 0 
 7 
 0 
 0 
 0 
 0 
 0 
 0 
 0 
 0 
 16 
 16 
 16 
 16 
 16 
 0 
 0 
 0 
 0 
 0 
 0 
 0 
 0 
 0 
 0 
 0 
 16 
 16 
 16 
 16 
 16 
 0 
 0 
 0 
 0 
 0 
 0 
 0 
 0 
 0 
 0 
 0 
 16 
 16 
 16 
 16 
 16 
 0 
 0 
 0 
 0 
 7 
 0 
 7 
 0 
 0 
 0 
 0 
 16 
 16 
 16 
 16 
 16 
 0 
 0 
 0 
 0 
 0 
 0 
 0 
 0 
 7 
 0 
 0 
 16 
 16 
 16 
 16 
 16 
 0 
 0 
 0 
 7 
 0 
 0 
 0 
 7 
 0 
 0 
 0 
 16 
 16 
 16 
 16 
 16 
 17 
 0 
 0 
 0 
 0 
 0 
 0 
 0 
 0 
 0 
 7 
 16 
 16 
 16 
 16 
 16 
 16 
 0 
 0 
 0 
 7 
 0 
 0 
 0 
 0 
 0 
 0 
 16 
 16 
 16 
 16 
 16 
 16 
 0 
 0 
 0 
 0 
 0 
 0 
 7 
 0 
 0 
 0 
 16 
 16 
 16 
 16 
 16 
 16 
 0 
 0 
 0 
 0 
 0 
 0 
 0 
 0 
 0 
 0 
 16 
 16 
 16 
 16 
 16 
 16 
 0 
 0 
 0 
 0 
 0 
 0 
 0 
 0 
 0 
 0 
 16 
 16 
 16 
 16 
 16 
 16 
 0 
 0 
 0 
 0 
 7 
 0 
 0 
 0 
 0 
 0 
 16 
 16 
 16 
 16 
 16 
 16 
 0 
 0 
 0 
 0 
 7 
 0 
 0 
 0 
 0 
 0 
 16 
 16 
 16 
 16 
 16 
 18 
 0 
 7 
 7 
 0 
 0 
 0 
 0 
 0 
 0 
 0 
 16 
 16 
 16 
 16 
 16 
 0 
 0 
 7 
 0 
 0 
 0 
 0 
 0 
 0 
 7 
 0 
 16 
 16 
 16 
 16 
 16 
 0 
 0 
 0 
 0 
 0 
 0 
 0 
 0 
 0 
 7 
 0 
 16 
 16 
 16 
 16 
 18 
 0 
 0 
 7 
 0 
 0 
 0 
 0 
 0 
 0 
 0 
 0 
 16 
 16 
 16 
 18 
 0 
 0 
 0 
 0 
 0 
 0 
 0 
 0 
 0 
 0 
 0 
 0 
