LIZARD
 3 
 16 
 16 
 16 
 16 
 16 
 0 
 0 
 0 
 0 
 0 
 0 
 0 
 7 
 7 
 7 
 7 
 16 
 16 
 16 
 16 
 16 
 0 
 0 
 0 
 0 
 0 
 0 
 0 
 0 
 7 
 7 
 7 
 16 
 16 
 16 
 16 
 18 
 7 
 0 
 0 
 0 
 12 
 0 
 0 
 0 
 7 
 7 
 7 
 16 
 16 
 16 
 16 
 7 
 7 
 7 
 0 
 0 
 12 
 12 
 12 
 0 
 0 
 7 
 7 
 16 
 16 
 16 
 16 
 7 
 7 
 7 
 0 
 0 
 12 
 12 
 12 
 0 
 0 
 7 
 7 
 16 
 16 
 16 
 16 
 7 
 0 
 0 
 0 
 12 
 12 
 12 
 12 
 12 
 0 
 7 
 7 
 0 
 0 
 19 
 18 
 0 
 0 
 0 
 12 
 12 
 12 
 12 
 12 
 12 
 0 
 7 
 7 
 0 
 0 
 0 
 0 
 0 
 0 
 12 
 12 
 12 
 12 
 12 
 12 
 12 
 0 
 7 
 7 
 0 
 0 
 0 
 0 
 0 
 0 
 12 
 12 
 12 
 12 
 12 
 12 
 12 
 0 
 7 
 7 
 0 
 0 
 0 
 0 
 0 
 12 
 12 
 12 
 12 
 21 
 12 
 12 
 12 
 0 
 7 
 7 
 0 
 0 
 0 
 0 
 0 
 12 
 12 
 12 
 12 
 21 
 12 
 12 
 0 
 0 
 7 
 7 
 0 
 0 
 0 
 0 
 12 
 12 
 12 
 12 
 12 
 21 
 12 
 12 
 0 
 0 
 7 
 7 
 0 
 0 
 0 
 12 
 12 
 12 
 12 
 12 
 21 
 21 
 12 
 12 
 0 
 0 
 7 
 7 
 0 
 0 
 0 
 0 
 12 
 12 
 12 
 21 
 21 
 12 
 12 
 12 
 12 
 0 
 0 
 7 
 0 
 0 
 0 
 12 
 12 
 12 
 12 
 21 
 21 
 12 
 12 
 12 
 12 
 12 
 0 
 7 
 0 
 0 
 0 
 12 
 12 
 12 
 12 
 12 
 12 
 12 
 12 
 12 
 12 
 12 
 0 
 0 
 0 
 12 
 12 
 12 
 12 
 12 
 12 
 12 
 12 
 12 
 12 
 12 
 12 
 0 
 0 
 0 
 0 
 0 
 12 
 12 
 12 
 12 
 12 
 12 
 12 
 12 
 12 
 12 
 0 
 0 
 0 
 0 
 0 
 0 
 0 
 12 
 12 
 12 
 0 
 0 
 0 
 12 
 12 
 0 
 0 
 0 
 0 
 0 
 0 
 0 
 0 
 0 
 12 
 12 
 0 
 0 
 0 
 0 
 0 
 0 
 0 
 0 
 0 
 0 
 0 
 0 
 0 
 0 
 0 
 0 
 0 
 0 
 0 
 0 
 0 
 0 
 0 
 0 
 0 
 7 
 7 
 7 
 7 
 7 
 7 
 0 
 0 
 0 
 0 
 0 
 0 
 0 
 0 
 0 
 7 
 7 
 7 
 7 
 7 
 7 
 7 
 7 
 7 
 0 
 0 
 0 
 0 
 0 
 7 
 7 
 7 
 7 
 7 
 7 
 7 
 7 
 7 
 7 
 7 
 0 
 0 
 7 
 7 
 7 
 7 
 7 
 7 
 7 
