GHOST
 3 
 1 
 1 
 7 
 7 
 0 
 12 
 12 
 0 
 5 
 0 
 5 
 0 
 5 
 0 
 5 
 0 
 1 
 1 
 0 
 7 
 0 
 12 
 12 
 0 
 0 
 0 
 0 
 0 
 0 
 0 
 0 
 0 
 1 
 1 
 0 
 7 
 7 
 12 
 12 
 0 
 5 
 0 
 5 
 0 
 5 
 0 
 5 
 0 
 1 
 1 
 7 
 0 
 7 
 12 
 12 
 0 
 0 
 0 
 0 
 0 
 0 
 0 
 0 
 0 
 1 
 1 
 0 
 7 
 0 
 12 
 12 
 0 
 5 
 0 
 5 
 0 
 5 
 0 
 5 
 0 
 1 
 1 
 0 
 7 
 0 
 12 
 12 
 0 
 0 
 0 
 0 
 0 
 0 
 0 
 0 
 0 
 1 
 1 
 7 
 0 
 7 
 12 
 12 
 0 
 5 
 0 
 5 
 0 
 5 
 0 
 5 
 0 
 1 
 1 
 0 
 0 
 7 
 12 
 12 
 0 
 0 
 0 
 0 
 0 
 0 
 0 
 0 
 0 
 1 
 1 
 7 
 7 
 0 
 12 
 12 
 0 
 5 
 0 
 5 
 0 
 5 
 0 
 5 
 0 
 1 
 1 
 0 
 0 
 7 
 12 
 12 
 0 
 0 
 0 
 0 
 0 
 0 
 0 
 0 
 0 
 1 
 1 
 0 
 7 
 0 
 12 
 12 
 0 
 5 
 0 
 5 
 0 
 5 
 0 
 5 
 0 
 1 
 1 
 7 
 7 
 0 
 12 
 12 
 0 
 0 
 0 
 0 
 0 
 0 
 0 
 0 
 0 
 1 
 1 
 7 
 0 
 0 
 12 
 12 
 0 
 5 
 0 
 5 
 0 
 5 
 0 
 5 
 0 
 1 
 1 
 7 
 7 
 0 
 12 
 12 
 0 
 0 
 0 
 0 
 0 
 0 
 0 
 0 
 0 
 1 
 1 
 0 
 0 
 7 
 12 
 12 
 0 
 5 
 0 
 5 
 0 
 5 
 0 
 5 
 0 
 1 
 1 
 0 
 7 
 7 
 12 
 12 
 0 
 0 
 0 
 0 
 0 
 0 
 0 
 0 
 0 
 1 
 1 
 7 
 0 
 0 
 12 
 12 
 12 
 12 
 12 
 12 
 12 
 12 
 12 
 12 
 12 
 1 
 1 
 7 
 7 
 7 
 12 
 12 
 12 
 12 
 12 
 12 
 12 
 12 
 12 
 12 
 12 
 1 
 1 
 0 
 7 
 7 
 0 
 7 
 0 
 7 
 0 
 7 
 7 
 0 
 7 
 0 
 0 
 1 
 1 
 7 
 7 
 0 
 7 
 7 
 0 
 7 
 7 
 0 
 0 
 7 
 0 
 7 
 7 
 1 
 1 
 0 
 7 
 7 
 0 
 0 
 7 
 0 
 7 
 0 
 7 
 7 
 7 
 0 
 7 
 1 
 1 
 7 
 7 
 0 
 7 
 7 
 0 
 7 
 0 
 7 
 0 
 7 
 0 
 7 
 7 
 1 
 1 
 1 
 1 
 1 
 1 
 1 
 1 
 1 
 1 
 1 
 1 
 1 
 1 
 1 
 1 
 1 
 1 
 1 
 1 
 1 
 1 
 1 
 1 
 1 
 1 
 1 
 1 
 1 
 1 
 1 
 1 
