GHOST
 3 
 16 
 16 
 16 
 16 
 16 
 16 
 16 
 16 
 16 
 16 
 16 
 16 
 16 
 16 
 16 
 16 
 16 
 16 
 16 
 16 
 16 
 16 
 16 
 16 
 16 
 16 
 16 
 16 
 16 
 16 
 16 
 16 
 16 
 16 
 16 
 16 
 16 
 16 
 16 
 16 
 16 
 16 
 16 
 16 
 16 
 16 
 16 
 16 
 16 
 16 
 16 
 16 
 16 
 16 
 16 
 16 
 16 
 16 
 16 
 16 
 16 
 16 
 16 
 16 
 16 
 16 
 16 
 18 
 21 
 0 
 0 
 12 
 12 
 21 
 1 
 19 
 16 
 16 
 16 
 16 
 16 
 16 
 18 
 12 
 12 
 0 
 0 
 12 
 0 
 21 
 0 
 2 
 19 
 16 
 16 
 16 
 16 
 16 
 12 
 0 
 0 
 0 
 0 
 0 
 21 
 21 
 0 
 0 
 19 
 16 
 16 
 16 
 16 
 16 
 0 
 0 
 0 
 7 
 1 
 0 
 1 
 0 
 0 
 12 
 19 
 16 
 16 
 16 
 16 
 16 
 0 
 12 
 21 
 0 
 1 
 1 
 1 
 0 
 21 
 1 
 19 
 16 
 16 
 16 
 16 
 16 
 17 
 7 
 0 
 1 
 1 
 0 
 0 
 0 
 1 
 0 
 19 
 16 
 16 
 16 
 16 
 16 
 16 
 17 
 0 
 1 
 0 
 0 
 0 
 0 
 0 
 1 
 1 
 19 
 16 
 16 
 16 
 16 
 16 
 18 
 7 
 0 
 0 
 0 
 12 
 12 
 0 
 7 
 2 
 19 
 16 
 16 
 0 
 0 
 0 
 0 
 0 
 21 
 0 
 0 
 0 
 0 
 0 
 21 
 21 
 19 
 16 
 16 
 0 
 0 
 15 
 0 
 0 
 1 
 0 
 1 
 0 
 2 
 0 
 0 
 7 
 19 
 16 
 16 
 12 
 12 
 12 
 21 
 1 
 12 
 0 
 0 
 0 
 0 
 0 
 1 
 0 
 19 
 16 
 16 
 12 
 12 
 12 
 12 
 12 
 1 
 0 
 0 
 12 
 0 
 7 
 0 
 0 
 19 
 16 
 16 
 0 
 12 
 0 
 0 
 0 
 1 
 0 
 1 
 12 
 1 
 21 
 12 
 0 
 19 
 16 
 16 
 0 
 0 
 0 
 1 
 0 
 0 
 12 
 7 
 7 
 1 
 21 
 1 
 19 
 16 
 16 
 16 
 0 
 0 
 0 
 12 
 1 
 0 
 0 
 0 
 1 
 1 
 12 
 7 
 19 
 16 
 16 
 16 
 16 
 16 
 17 
 0 
 0 
 1 
 0 
 21 
 21 
 1 
 1 
 0 
 19 
 16 
 16 
 16 
 16 
 16 
 16 
 17 
 2 
 0 
 0 
 21 
 1 
 0 
 0 
 19 
 16 
 16 
 16 
 16 
 16 
 16 
 16 
 16 
 16 
 16 
 16 
 16 
 16 
 16 
 16 
 16 
 16 
 16 
 16 
 16 
 16 
 16 
 16 
 16 
 16 
 16 
 16 
 16 
 16 
 16 
 16 
 16 
 16 
 16 
 16 
 16 
 16 
 16 
 16 
 16 
 16 
 16 
 16 
 16 
 16 
 16 
 16 
 16 
 16 
 16 
 16 
 16 
