HORNET
 3 
 16 
 16 
 16 
 16 
 0 
 0 
 0 
 0 
 0 
 0 
 0 
 0 
 0 
 0 
 0 
 0 
 16 
 16 
 16 
 16 
 0 
 7 
 0 
 0 
 0 
 0 
 0 
 0 
 21 
 21 
 0 
 0 
 16 
 16 
 16 
 16 
 0 
 7 
 7 
 7 
 0 
 0 
 0 
 0 
 21 
 21 
 0 
 0 
 16 
 16 
 16 
 16 
 17 
 0 
 7 
 0 
 0 
 0 
 0 
 0 
 21 
 21 
 0 
 0 
 16 
 16 
 16 
 16 
 16 
 17 
 0 
 0 
 0 
 0 
 0 
 21 
 21 
 21 
 0 
 0 
 13 
 13 
 13 
 13 
 13 
 13 
 0 
 0 
 0 
 0 
 0 
 21 
 21 
 0 
 0 
 0 
 16 
 16 
 16 
 16 
 16 
 16 
 0 
 0 
 0 
 0 
 0 
 21 
 21 
 0 
 0 
 0 
 16 
 16 
 16 
 16 
 16 
 16 
 0 
 0 
 0 
 21 
 0 
 21 
 21 
 0 
 0 
 0 
 16 
 16 
 16 
 16 
 16 
 16 
 0 
 0 
 0 
 21 
 0 
 0 
 0 
 0 
 0 
 0 
 16 
 16 
 16 
 16 
 16 
 16 
 0 
 0 
 0 
 21 
 0 
 0 
 0 
 0 
 0 
 0 
 16 
 16 
 16 
 16 
 16 
 16 
 0 
 0 
 0 
 21 
 21 
 0 
 0 
 0 
 0 
 0 
 16 
 16 
 16 
 16 
 16 
 18 
 0 
 0 
 21 
 21 
 21 
 21 
 0 
 0 
 0 
 0 
 16 
 16 
 16 
 16 
 16 
 0 
 0 
 0 
 21 
 21 
 21 
 21 
 0 
 0 
 0 
 7 
 16 
 16 
 16 
 16 
 16 
 0 
 0 
 0 
 21 
 21 
 21 
 21 
 0 
 0 
 7 
 7 
 16 
 16 
 16 
 16 
 16 
 0 
 0 
 0 
 0 
 21 
 21 
 0 
 0 
 0 
 7 
 7 
 16 
 16 
 16 
 16 
 16 
 7 
 0 
 0 
 0 
 21 
 21 
 0 
 0 
 0 
 7 
 7 
 16 
 16 
 16 
 16 
 16 
 7 
 0 
 0 
 0 
 21 
 21 
 0 
 0 
 0 
 7 
 7 
 16 
 16 
 16 
 16 
 16 
 17 
 7 
 0 
 0 
 0 
 0 
 0 
 0 
 7 
 7 
 7 
 16 
 16 
 16 
 16 
 16 
 16 
 17 
 0 
 0 
 0 
 0 
 0 
 7 
 7 
 7 
 7 
 16 
 16 
 16 
 16 
 16 
 16 
 16 
 0 
 0 
 0 
 0 
 7 
 7 
 7 
 7 
 7 
 16 
 16 
 16 
 16 
 16 
 16 
 16 
 17 
 0 
 0 
 0 
 0 
 7 
 7 
 7 
 7 
 16 
 16 
 16 
 16 
 16 
 16 
 16 
 16 
 16 
 16 
 16 
 16 
 17 
 7 
 7 
 7 
 16 
 16 
 16 
 16 
 16 
 16 
 16 
 16 
 16 
 16 
 16 
 16 
 16 
 16 
 16 
 16 
 16 
 16 
 16 
 16 
 16 
 16 
 16 
 16 
 16 
 16 
 16 
 16 
 16 
 16 
 16 
 16 
