SOLDIER
 2 
 0 
 0 
 0 
 0 
 0 
 0 
 0 
 0 
 0 
 0 
 7 
 7 
 7 
 7 
 7 
 7 
 0 
 0 
 0 
 0 
 0 
 0 
 0 
 0 
 0 
 0 
 7 
 7 
 7 
 7 
 7 
 7 
 0 
 0 
 0 
 0 
 0 
 0 
 0 
 0 
 0 
 0 
 7 
 7 
 7 
 7 
 7 
 7 
 0 
 0 
 0 
 0 
 0 
 0 
 0 
 0 
 7 
 7 
 7 
 7 
 7 
 7 
 7 
 7 
 0 
 0 
 0 
 0 
 7 
 7 
 0 
 7 
 7 
 7 
 7 
 7 
 7 
 7 
 7 
 7 
 0 
 0 
 0 
 7 
 7 
 7 
 7 
 7 
 7 
 7 
 7 
 7 
 7 
 7 
 7 
 7 
 0 
 0 
 0 
 7 
 7 
 7 
 7 
 7 
 7 
 7 
 7 
 7 
 7 
 7 
 7 
 7 
 0 
 0 
 0 
 0 
 7 
 7 
 7 
 7 
 7 
 7 
 7 
 7 
 7 
 7 
 7 
 7 
 0 
 0 
 0 
 0 
 0 
 7 
 7 
 7 
 7 
 7 
 7 
 7 
 7 
 7 
 7 
 7 
 0 
 0 
 0 
 0 
 0 
 7 
 7 
 7 
 7 
 7 
 7 
 7 
 7 
 7 
 0 
 0 
 0 
 0 
 0 
 0 
 0 
 0 
 7 
 7 
 7 
 7 
 7 
 7 
 0 
 0 
 0 
 0 
 0 
 0 
 0 
 0 
 0 
 0 
 0 
 7 
 7 
 7 
 7 
 0 
 0 
 0 
 0 
 7 
 7 
 7 
 0 
 0 
 0 
 0 
 0 
 0 
 0 
 7 
 7 
 0 
 0 
 7 
 7 
 7 
 7 
 7 
 7 
 0 
 0 
 0 
 0 
 0 
 0 
 0 
 0 
 0 
 0 
 7 
 7 
 7 
 7 
 7 
 7 
 0 
 0 
 0 
 0 
 0 
 0 
 0 
 0 
 0 
 0 
 0 
 7 
 7 
 7 
 7 
 7 
 7 
 7 
 0 
 0 
 0 
 0 
 0 
 0 
 0 
 0 
 0 
 7 
 7 
 7 
 7 
 7 
 7 
 7 
 0 
 0 
 0 
 21 
 21 
 0 
 0 
 0 
 0 
 7 
 7 
 7 
 7 
 7 
 7 
 7 
 0 
 0 
 21 
 21 
 21 
 21 
 0 
 0 
 0 
 7 
 7 
 7 
 7 
 7 
 7 
 0 
 0 
 0 
 21 
 21 
 21 
 21 
 0 
 0 
 0 
 7 
 7 
 7 
 7 
 7 
 7 
 0 
 0 
 0 
 0 
 21 
 21 
 0 
 0 
 0 
 0 
 7 
 7 
 7 
 7 
 7 
 0 
 0 
 0 
 0 
 0 
 0 
 0 
 0 
 0 
 0 
 7 
 7 
 7 
 7 
 7 
 7 
 0 
 0 
 0 
 0 
 0 
 0 
 0 
 0 
 0 
 7 
 7 
 7 
 7 
 16 
 16 
 16 
 17 
 0 
 0 
 0 
 0 
 0 
 0 
 0 
 0 
 7 
 7 
 7 
 7 
 16 
 16 
 16 
 16 
 17 
 0 
 0 
 0 
 0 
 0 
 0 
 0 
 7 
 7 
 7 
 7 
