DINO
 3 
 16 
 16 
 16 
 16 
 0 
 0 
 0 
 0 
 0 
 19 
 16 
 16 
 16 
 16 
 16 
 16 
 16 
 16 
 16 
 16 
 0 
 12 
 12 
 12 
 0 
 19 
 16 
 16 
 16 
 16 
 16 
 16 
 16 
 16 
 16 
 16 
 0 
 12 
 12 
 12 
 12 
 0 
 0 
 0 
 19 
 16 
 16 
 16 
 16 
 16 
 16 
 16 
 0 
 0 
 12 
 12 
 12 
 0 
 0 
 0 
 0 
 19 
 16 
 16 
 16 
 16 
 16 
 16 
 0 
 0 
 0 
 0 
 0 
 0 
 0 
 0 
 0 
 19 
 16 
 16 
 16 
 16 
 16 
 16 
 16 
 16 
 16 
 16 
 16 
 16 
 17 
 0 
 0 
 0 
 19 
 16 
 23 
 23 
 23 
 23 
 23 
 23 
 23 
 23 
 16 
 16 
 16 
 0 
 0 
 0 
 19 
 16 
 23 
 23 
 23 
 23 
 23 
 23 
 23 
 23 
 16 
 16 
 16 
 0 
 0 
 0 
 19 
 16 
 16 
 16 
 16 
 16 
 16 
 16 
 16 
 16 
 16 
 16 
 18 
 0 
 0 
 0 
 19 
 16 
 0 
 0 
 0 
 7 
 0 
 0 
 0 
 0 
 0 
 0 
 0 
 0 
 12 
 0 
 19 
 16 
 0 
 0 
 0 
 0 
 0 
 7 
 0 
 0 
 7 
 0 
 7 
 0 
 12 
 0 
 19 
 16 
 0 
 0 
 7 
 0 
 7 
 7 
 12 
 0 
 7 
 0 
 0 
 12 
 12 
 0 
 19 
 16 
 0 
 0 
 12 
 7 
 0 
 12 
 12 
 0 
 7 
 0 
 0 
 12 
 7 
 0 
 0 
 0 
 0 
 0 
 12 
 12 
 0 
 0 
 7 
 0 
 7 
 7 
 7 
 12 
 12 
 0 
 0 
 0 
 7 
 7 
 0 
 7 
 0 
 7 
 0 
 0 
 0 
 0 
 7 
 12 
 12 
 0 
 0 
 0 
 0 
 0 
 0 
 0 
 0 
 7 
 0 
 7 
 0 
 7 
 0 
 0 
 0 
 0 
 0 
 0 
 7 
 0 
 0 
 7 
 0 
 0 
 7 
 0 
 7 
 0 
 0 
 7 
 0 
 0 
 0 
 0 
 0 
 0 
 0 
 12 
 12 
 0 
 0 
 0 
 7 
 0 
 0 
 12 
 0 
 0 
 0 
 0 
 0 
 7 
 0 
 7 
 12 
 12 
 12 
 0 
 0 
 0 
 0 
 0 
 0 
 0 
 0 
 0 
 0 
 0 
 0 
 7 
 0 
 0 
 7 
 0 
 0 
 7 
 0 
 7 
 0 
 0 
 19 
 16 
 0 
 0 
 0 
 0 
 0 
 0 
 0 
 0 
 0 
 7 
 0 
 0 
 19 
 16 
 16 
 16 
 16 
 16 
 16 
 16 
 16 
 16 
 16 
 16 
 16 
 16 
 16 
 16 
 16 
 16 
 16 
 16 
 16 
 16 
 16 
 16 
 16 
 16 
 16 
 16 
 16 
 16 
 16 
 16 
 16 
 16 
 16 
 16 
 16 
 16 
 16 
 16 
 16 
 16 
 16 
 16 
 16 
 16 
 16 
 16 
 16 
 16 
 16 
 16 
