HORNET
 3 
 19 
 16 
 16 
 16 
 16 
 16 
 0 
 0 
 0 
 0 
 0 
 0 
 19 
 16 
 16 
 16 
 19 
 16 
 16 
 16 
 16 
 16 
 0 
 0 
 0 
 0 
 0 
 0 
 19 
 16 
 16 
 16 
 0 
 19 
 16 
 16 
 16 
 16 
 17 
 0 
 0 
 0 
 0 
 0 
 0 
 19 
 16 
 16 
 19 
 16 
 16 
 16 
 16 
 16 
 16 
 17 
 0 
 0 
 0 
 0 
 0 
 19 
 16 
 16 
 19 
 16 
 16 
 16 
 16 
 16 
 16 
 16 
 0 
 0 
 0 
 0 
 0 
 0 
 19 
 16 
 19 
 16 
 16 
 16 
 16 
 16 
 16 
 14 
 0 
 0 
 0 
 0 
 0 
 0 
 19 
 16 
 0 
 19 
 16 
 16 
 16 
 16 
 16 
 18 
 0 
 0 
 0 
 0 
 0 
 0 
 19 
 16 
 0 
 19 
 16 
 16 
 16 
 16 
 18 
 0 
 0 
 0 
 0 
 0 
 0 
 0 
 19 
 16 
 0 
 0 
 19 
 16 
 16 
 18 
 0 
 0 
 0 
 0 
 21 
 0 
 0 
 0 
 19 
 16 
 0 
 19 
 16 
 16 
 16 
 0 
 0 
 0 
 0 
 21 
 0 
 0 
 0 
 0 
 19 
 16 
 19 
 16 
 16 
 16 
 16 
 0 
 0 
 0 
 21 
 0 
 0 
 0 
 0 
 0 
 19 
 16 
 0 
 19 
 16 
 16 
 16 
 0 
 0 
 21 
 0 
 21 
 21 
 21 
 0 
 0 
 19 
 16 
 0 
 0 
 19 
 16 
 16 
 0 
 0 
 21 
 0 
 21 
 0 
 0 
 0 
 0 
 19 
 16 
 0 
 19 
 16 
 16 
 16 
 0 
 0 
 0 
 21 
 0 
 0 
 0 
 0 
 0 
 19 
 16 
 0 
 19 
 16 
 16 
 16 
 0 
 0 
 0 
 0 
 0 
 0 
 0 
 0 
 0 
 19 
 16 
 0 
 19 
 16 
 16 
 16 
 0 
 0 
 0 
 0 
 0 
 0 
 0 
 0 
 0 
 19 
 16 
 0 
 19 
 16 
 16 
 16 
 0 
 0 
 0 
 0 
 0 
 0 
 0 
 0 
 0 
 19 
 16 
 19 
 16 
 16 
 16 
 16 
 0 
 0 
 0 
 0 
 0 
 0 
 0 
 0 
 0 
 19 
 16 
 0 
 19 
 16 
 16 
 16 
 0 
 0 
 0 
 0 
 0 
 0 
 0 
 0 
 0 
 19 
 16 
 0 
 0 
 19 
 16 
 16 
 0 
 0 
 0 
 0 
 0 
 0 
 0 
 0 
 19 
 16 
 16 
 0 
 19 
 16 
 16 
 16 
 0 
 0 
 0 
 0 
 0 
 0 
 0 
 19 
 16 
 16 
 16 
 19 
 16 
 16 
 16 
 16 
 17 
 0 
 0 
 0 
 0 
 0 
 0 
 19 
 16 
 16 
 16 
 19 
 16 
 16 
 16 
 16 
 16 
 0 
 0 
 0 
 0 
 0 
 0 
 19 
 16 
 16 
 16 
 19 
 16 
 16 
 16 
 16 
 16 
 0 
 0 
 0 
 0 
 0 
 0 
 19 
 16 
 16 
 16 
