CRAWLER
 3 
 19 
 16 
 16 
 16 
 0 
 0 
 0 
 19 
 16 
 16 
 16 
 16 
 16 
 16 
 16 
 16 
 0 
 19 
 16 
 16 
 0 
 0 
 0 
 0 
 19 
 16 
 16 
 16 
 16 
 16 
 16 
 16 
 0 
 0 
 19 
 16 
 17 
 0 
 0 
 0 
 0 
 0 
 0 
 0 
 19 
 16 
 16 
 16 
 0 
 19 
 16 
 16 
 18 
 0 
 0 
 0 
 0 
 0 
 0 
 0 
 0 
 0 
 19 
 16 
 0 
 19 
 16 
 0 
 0 
 0 
 0 
 9 
 0 
 0 
 0 
 0 
 0 
 0 
 19 
 16 
 19 
 16 
 16 
 0 
 0 
 0 
 0 
 0 
 0 
 0 
 0 
 0 
 0 
 0 
 19 
 16 
 0 
 19 
 16 
 0 
 0 
 0 
 9 
 0 
 0 
 9 
 0 
 0 
 0 
 0 
 19 
 16 
 0 
 19 
 16 
 0 
 0 
 0 
 0 
 0 
 9 
 0 
 0 
 0 
 0 
 0 
 19 
 16 
 0 
 19 
 16 
 17 
 0 
 0 
 9 
 0 
 9 
 0 
 0 
 9 
 0 
 0 
 19 
 16 
 0 
 19 
 16 
 16 
 0 
 0 
 0 
 0 
 0 
 0 
 0 
 9 
 0 
 9 
 19 
 16 
 19 
 16 
 16 
 16 
 0 
 0 
 0 
 9 
 9 
 0 
 9 
 0 
 9 
 0 
 19 
 16 
 0 
 19 
 16 
 16 
 17 
 0 
 0 
 0 
 0 
 0 
 9 
 0 
 9 
 9 
 19 
 16 
 0 
 0 
 19 
 16 
 16 
 0 
 0 
 9 
 0 
 0 
 9 
 0 
 0 
 0 
 19 
 16 
 0 
 0 
 19 
 16 
 16 
 17 
 0 
 0 
 9 
 9 
 0 
 0 
 9 
 0 
 0 
 19 
 0 
 19 
 16 
 16 
 16 
 16 
 0 
 9 
 0 
 9 
 0 
 9 
 0 
 0 
 0 
 0 
 19 
 16 
 16 
 16 
 16 
 16 
 9 
 0 
 0 
 9 
 0 
 9 
 9 
 0 
 0 
 0 
 0 
 19 
 16 
 16 
 16 
 16 
 0 
 9 
 0 
 0 
 0 
 9 
 0 
 0 
 0 
 0 
 0 
 0 
 0 
 19 
 16 
 16 
 0 
 0 
 0 
 0 
 0 
 0 
 0 
 0 
 0 
 0 
 0 
 0 
 0 
 0 
 19 
 16 
 0 
 0 
 9 
 0 
 9 
 0 
 0 
 0 
 0 
 0 
 0 
 0 
 0 
 19 
 16 
 16 
 0 
 0 
 0 
 0 
 0 
 0 
 0 
 0 
 0 
 0 
 0 
 0 
 19 
 16 
 16 
 16 
 0 
 0 
 0 
 0 
 0 
 0 
 0 
 0 
 19 
 16 
 0 
 19 
 16 
 16 
 16 
 16 
 17 
 0 
 0 
 0 
 0 
 0 
 0 
 19 
 16 
 16 
 19 
 16 
 16 
 16 
 16 
 16 
 16 
 16 
 16 
 16 
 16 
 16 
 16 
 16 
 16 
 16 
 19 
 16 
 16 
 16 
 16 
 16 
 16 
 16 
 16 
 16 
 16 
 16 
 16 
 16 
 16 
 16 
