DINO
 3 
 16 
 16 
 16 
 16 
 16 
 16 
 16 
 16 
 16 
 16 
 16 
 16 
 16 
 16 
 16 
 16 
 16 
 16 
 16 
 16 
 16 
 16 
 16 
 16 
 16 
 16 
 16 
 16 
 16 
 16 
 16 
 16 
 16 
 16 
 16 
 16 
 16 
 16 
 16 
 16 
 16 
 16 
 16 
 16 
 16 
 16 
 16 
 16 
 16 
 16 
 18 
 0 
 0 
 19 
 23 
 23 
 16 
 16 
 16 
 0 
 0 
 0 
 21 
 0 
 16 
 18 
 0 
 0 
 0 
 19 
 23 
 23 
 16 
 16 
 16 
 0 
 15 
 12 
 0 
 0 
 0 
 0 
 0 
 0 
 0 
 19 
 23 
 23 
 16 
 16 
 16 
 0 
 0 
 12 
 12 
 0 
 0 
 0 
 0 
 0 
 0 
 19 
 23 
 23 
 16 
 16 
 16 
 16 
 17 
 0 
 12 
 0 
 0 
 0 
 21 
 0 
 0 
 19 
 23 
 23 
 23 
 23 
 16 
 16 
 16 
 21 
 0 
 0 
 0 
 0 
 0 
 0 
 0 
 19 
 16 
 16 
 23 
 23 
 16 
 16 
 16 
 21 
 0 
 0 
 0 
 0 
 21 
 0 
 0 
 0 
 0 
 19 
 23 
 23 
 16 
 16 
 16 
 0 
 0 
 0 
 0 
 0 
 0 
 0 
 0 
 0 
 0 
 19 
 23 
 23 
 16 
 16 
 16 
 0 
 0 
 0 
 0 
 0 
 0 
 21 
 0 
 0 
 0 
 19 
 23 
 23 
 16 
 16 
 16 
 0 
 0 
 0 
 0 
 0 
 0 
 21 
 0 
 21 
 0 
 19 
 23 
 23 
 16 
 16 
 16 
 16 
 16 
 16 
 0 
 0 
 0 
 21 
 0 
 0 
 0 
 19 
 23 
 23 
 23 
 23 
 16 
 16 
 16 
 16 
 0 
 0 
 0 
 21 
 0 
 0 
 0 
 19 
 16 
 16 
 23 
 23 
 16 
 16 
 16 
 16 
 0 
 0 
 0 
 21 
 0 
 0 
 0 
 0 
 0 
 19 
 23 
 23 
 16 
 16 
 16 
 16 
 0 
 0 
 0 
 21 
 0 
 21 
 0 
 0 
 0 
 19 
 23 
 23 
 16 
 16 
 16 
 16 
 0 
 0 
 0 
 21 
 0 
 21 
 0 
 0 
 0 
 19 
 23 
 23 
 23 
 16 
 16 
 16 
 0 
 0 
 0 
 21 
 0 
 21 
 0 
 0 
 0 
 19 
 16 
 23 
 23 
 16 
 16 
 16 
 0 
 0 
 0 
 0 
 0 
 21 
 0 
 0 
 0 
 0 
 19 
 23 
 23 
 16 
 16 
 16 
 0 
 0 
 0 
 0 
 0 
 0 
 0 
 0 
 0 
 0 
 19 
 23 
 23 
 16 
 16 
 16 
 16 
 17 
 0 
 0 
 0 
 0 
 0 
 0 
 0 
 0 
 19 
 23 
 23 
 16 
 16 
 16 
 16 
 16 
 16 
 16 
 16 
 16 
 17 
 0 
 0 
 0 
 19 
 23 
 23 
 16 
 16 
 16 
 16 
 16 
 16 
 16 
 16 
 16 
 16 
 0 
 0 
 0 
 19 
 23 
 23 
 16 
 16 
 16 
