HORNET
 3 
 0 
 0 
 0 
 0 
 0 
 0 
 22 
 22 
 22 
 22 
 22 
 22 
 22 
 22 
 22 
 22 
 0 
 0 
 0 
 0 
 0 
 0 
 22 
 22 
 22 
 22 
 22 
 22 
 22 
 22 
 22 
 22 
 0 
 0 
 0 
 7 
 0 
 0 
 22 
 22 
 22 
 22 
 22 
 22 
 22 
 22 
 22 
 22 
 0 
 0 
 0 
 0 
 0 
 0 
 22 
 22 
 22 
 22 
 22 
 22 
 22 
 22 
 22 
 22 
 0 
 0 
 0 
 0 
 0 
 0 
 22 
 22 
 22 
 22 
 22 
 22 
 22 
 22 
 22 
 22 
 0 
 0 
 0 
 0 
 7 
 0 
 22 
 22 
 22 
 22 
 22 
 22 
 22 
 22 
 22 
 22 
 0 
 0 
 0 
 0 
 0 
 0 
 22 
 22 
 22 
 22 
 22 
 22 
 22 
 22 
 22 
 22 
 0 
 0 
 0 
 0 
 0 
 0 
 22 
 22 
 22 
 22 
 22 
 22 
 22 
 22 
 22 
 22 
 0 
 7 
 0 
 0 
 7 
 0 
 22 
 22 
 22 
 22 
 22 
 22 
 22 
 22 
 22 
 22 
 7 
 0 
 0 
 0 
 0 
 0 
 35 
 22 
 22 
 22 
 22 
 22 
 22 
 22 
 22 
 22 
 7 
 7 
 0 
 0 
 0 
 0 
 0 
 0 
 0 
 0 
 35 
 22 
 22 
 22 
 22 
 22 
 7 
 7 
 0 
 0 
 0 
 0 
 0 
 0 
 0 
 7 
 0 
 0 
 0 
 0 
 0 
 0 
 7 
 0 
 0 
 0 
 0 
 0 
 0 
 0 
 0 
 0 
 0 
 0 
 0 
 0 
 0 
 0 
 0 
 0 
 0 
 0 
 0 
 0 
 0 
 0 
 0 
 0 
 0 
 0 
 0 
 0 
 0 
 0 
 0 
 0 
 7 
 0 
 0 
 0 
 7 
 0 
 0 
 0 
 0 
 0 
 0 
 0 
 0 
 0 
 0 
 0 
 0 
 0 
 0 
 0 
 7 
 7 
 7 
 7 
 7 
 7 
 0 
 0 
 7 
 0 
 0 
 0 
 0 
 0 
 0 
 7 
 7 
 7 
 7 
 7 
 7 
 7 
 7 
 0 
 0 
 0 
 0 
 0 
 0 
 7 
 0 
 7 
 7 
 7 
 7 
 7 
 7 
 7 
 0 
 0 
 0 
 0 
 0 
 0 
 0 
 0 
 0 
 0 
 7 
 7 
 7 
 7 
 0 
 0 
 0 
 0 
 0 
 7 
 0 
 7 
 0 
 0 
 0 
 0 
 0 
 0 
 0 
 0 
 0 
 0 
 0 
 0 
 0 
 0 
 0 
 0 
 0 
 0 
 7 
 0 
 0 
 0 
 7 
 0 
 0 
 0 
 0 
 0 
 0 
 0 
 7 
 0 
 0 
 0 
 0 
 0 
 0 
 0 
 0 
 0 
 7 
 0 
 0 
 0 
 0 
 0 
 7 
 7 
 0 
 7 
 0 
 0 
 0 
 0 
 0 
 0 
 0 
 0 
 0 
 19 
 16 
 16 
 7 
 7 
 0 
 0 
 0 
 0 
 0 
 0 
 0 
 0 
 0 
 0 
 19 
 16 
 16 
 16 
