DINO
 2 
 19 
 16 
 16 
 16 
 16 
 16 
 0 
 0 
 0 
 19 
 16 
 16 
 16 
 16 
 16 
 16 
 0 
 19 
 16 
 16 
 16 
 18 
 0 
 0 
 0 
 19 
 16 
 16 
 16 
 16 
 16 
 16 
 19 
 16 
 16 
 16 
 16 
 0 
 0 
 0 
 0 
 19 
 16 
 16 
 16 
 16 
 16 
 16 
 0 
 19 
 16 
 16 
 16 
 0 
 0 
 0 
 0 
 0 
 0 
 19 
 16 
 16 
 16 
 16 
 0 
 0 
 19 
 16 
 16 
 7 
 0 
 0 
 0 
 0 
 0 
 0 
 0 
 19 
 16 
 16 
 0 
 0 
 19 
 16 
 16 
 0 
 0 
 0 
 7 
 0 
 0 
 0 
 0 
 0 
 0 
 0 
 0 
 0 
 19 
 16 
 16 
 0 
 0 
 0 
 0 
 0 
 0 
 7 
 0 
 0 
 0 
 0 
 0 
 19 
 16 
 16 
 16 
 0 
 7 
 0 
 0 
 7 
 0 
 0 
 0 
 7 
 0 
 0 
 0 
 19 
 16 
 16 
 16 
 0 
 0 
 0 
 0 
 0 
 0 
 0 
 0 
 0 
 0 
 0 
 19 
 16 
 16 
 16 
 16 
 0 
 0 
 7 
 0 
 7 
 0 
 0 
 7 
 0 
 0 
 0 
 19 
 16 
 16 
 16 
 16 
 0 
 0 
 0 
 0 
 0 
 0 
 0 
 0 
 0 
 0 
 0 
 0 
 19 
 16 
 16 
 16 
 0 
 0 
 0 
 0 
 0 
 7 
 0 
 0 
 0 
 7 
 0 
 0 
 2 
 2 
 2 
 2 
 2 
 0 
 3 
 0 
 0 
 0 
 0 
 0 
 0 
 0 
 0 
 2 
 2 
 1 
 1 
 1 
 1 
 0 
 0 
 0 
 0 
 0 
 0 
 7 
 0 
 0 
 0 
 0 
 2 
 2 
 2 
 2 
 2 
 2 
 0 
 4 
 0 
 7 
 0 
 0 
 0 
 7 
 0 
 0 
 19 
 2 
 1 
 1 
 1 
 1 
 0 
 0 
 0 
 0 
 0 
 0 
 0 
 0 
 0 
 0 
 19 
 2 
 2 
 2 
 2 
 10 
 0 
 0 
 0 
 0 
 7 
 0 
 7 
 0 
 0 
 0 
 19 
 2 
 1 
 1 
 1 
 1 
 0 
 0 
 0 
 0 
 0 
 0 
 0 
 0 
 0 
 0 
 2 
 2 
 2 
 2 
 2 
 2 
 0 
 4 
 0 
 0 
 0 
 7 
 0 
 0 
 0 
 2 
 2 
 1 
 1 
 1 
 1 
 0 
 0 
 0 
 0 
 7 
 0 
 0 
 0 
 7 
 0 
 0 
 2 
 2 
 2 
 2 
 2 
 0 
 3 
 0 
 0 
 0 
 0 
 7 
 0 
 0 
 0 
 0 
 0 
 19 
 16 
 16 
 0 
 0 
 0 
 0 
 0 
 0 
 0 
 0 
 0 
 19 
 16 
 0 
 0 
 19 
 16 
 16 
 0 
 7 
 0 
 0 
 7 
 0 
 0 
 19 
 16 
 16 
 16 
 0 
 19 
 16 
 16 
 16 
 0 
 0 
 0 
 0 
 0 
 0 
 19 
 16 
 16 
 16 
 16 
