LOBSTER
 2 
 7 
 7 
 7 
 7 
 7 
 7 
 7 
 7 
 7 
 27 
 22 
 22 
 22 
 22 
 27 
 7 
 7 
 7 
 7 
 7 
 7 
 7 
 7 
 0 
 0 
 0 
 22 
 22 
 22 
 22 
 0 
 7 
 0 
 0 
 0 
 0 
 0 
 7 
 0 
 0 
 0 
 0 
 22 
 22 
 22 
 22 
 0 
 7 
 0 
 0 
 7 
 0 
 0 
 7 
 0 
 0 
 0 
 0 
 22 
 22 
 22 
 22 
 0 
 7 
 0 
 0 
 0 
 0 
 7 
 7 
 7 
 0 
 0 
 0 
 22 
 22 
 22 
 22 
 0 
 7 
 0 
 0 
 0 
 7 
 7 
 7 
 7 
 0 
 0 
 0 
 22 
 22 
 22 
 22 
 0 
 7 
 0 
 0 
 0 
 7 
 7 
 7 
 7 
 0 
 7 
 0 
 22 
 22 
 22 
 22 
 0 
 7 
 0 
 0 
 0 
 7 
 7 
 7 
 0 
 7 
 0 
 0 
 22 
 22 
 22 
 22 
 0 
 7 
 0 
 0 
 7 
 0 
 7 
 0 
 0 
 0 
 0 
 0 
 22 
 22 
 22 
 22 
 0 
 7 
 0 
 0 
 0 
 0 
 0 
 0 
 0 
 7 
 0 
 0 
 22 
 22 
 22 
 22 
 0 
 7 
 0 
 0 
 0 
 7 
 0 
 0 
 0 
 0 
 0 
 0 
 22 
 22 
 22 
 22 
 0 
 7 
 0 
 7 
 0 
 0 
 0 
 0 
 0 
 0 
 0 
 0 
 22 
 22 
 22 
 22 
 0 
 7 
 7 
 7 
 0 
 0 
 34 
 22 
 22 
 22 
 22 
 22 
 22 
 22 
 22 
 22 
 0 
 7 
 7 
 7 
 0 
 0 
 22 
 22 
 22 
 22 
 22 
 22 
 22 
 22 
 22 
 22 
 0 
 7 
 7 
 7 
 0 
 0 
 22 
 22 
 22 
 22 
 22 
 22 
 22 
 22 
 22 
 22 
 0 
 7 
 7 
 7 
 7 
 0 
 22 
 22 
 22 
 22 
 22 
 22 
 22 
 22 
 22 
 37 
 0 
 7 
 7 
 7 
 0 
 0 
 22 
 22 
 22 
 22 
 0 
 0 
 0 
 0 
 0 
 0 
 0 
 7 
 7 
 7 
 0 
 0 
 22 
 22 
 22 
 22 
 0 
 0 
 0 
 0 
 0 
 0 
 0 
 7 
 7 
 7 
 0 
 0 
 22 
 22 
 22 
 22 
 0 
 0 
 0 
 7 
 0 
 0 
 0 
 7 
 7 
 7 
 7 
 0 
 22 
 22 
 22 
 22 
 0 
 0 
 0 
 0 
 0 
 0 
 0 
 7 
 7 
 7 
 7 
 0 
 22 
 22 
 22 
 22 
 0 
 7 
 0 
 0 
 0 
 0 
 7 
 7 
 7 
 7 
 0 
 0 
 22 
 22 
 22 
 22 
 0 
 0 
 7 
 0 
 0 
 7 
 7 
 7 
 0 
 0 
 0 
 0 
 22 
 22 
 22 
 22 
 0 
 0 
 0 
 0 
 0 
 7 
 7 
 7 
 0 
 0 
 0 
 0 
 22 
 22 
 22 
 22 
 0 
 0 
 0 
 0 
 7 
 7 
 7 
 7 
