SOLDIER
 3 
 7 
 7 
 7 
 0 
 0 
 0 
 0 
 0 
 0 
 0 
 0 
 0 
 0 
 7 
 7 
 7 
 7 
 7 
 7 
 0 
 0 
 0 
 0 
 0 
 0 
 0 
 0 
 0 
 0 
 7 
 7 
 7 
 7 
 7 
 7 
 7 
 0 
 0 
 0 
 0 
 0 
 0 
 0 
 0 
 0 
 7 
 7 
 7 
 7 
 7 
 7 
 7 
 7 
 0 
 0 
 21 
 0 
 0 
 0 
 0 
 7 
 7 
 7 
 7 
 7 
 7 
 7 
 7 
 7 
 0 
 0 
 21 
 21 
 0 
 0 
 0 
 7 
 7 
 7 
 7 
 7 
 7 
 7 
 0 
 0 
 0 
 0 
 21 
 21 
 0 
 0 
 0 
 0 
 7 
 7 
 7 
 7 
 7 
 0 
 0 
 0 
 0 
 0 
 21 
 21 
 0 
 0 
 3 
 0 
 7 
 7 
 7 
 7 
 7 
 0 
 0 
 0 
 0 
 0 
 0 
 21 
 0 
 0 
 3 
 0 
 21 
 7 
 7 
 7 
 7 
 0 
 0 
 0 
 0 
 0 
 0 
 0 
 0 
 0 
 4 
 0 
 21 
 7 
 7 
 7 
 7 
 0 
 0 
 1 
 1 
 1 
 0 
 0 
 0 
 0 
 0 
 0 
 0 
 7 
 7 
 7 
 7 
 0 
 0 
 0 
 1 
 1 
 1 
 1 
 1 
 1 
 1 
 0 
 0 
 7 
 7 
 7 
 7 
 0 
 0 
 1 
 1 
 1 
 16 
 1 
 1 
 1 
 1 
 12 
 0 
 7 
 7 
 7 
 7 
 0 
 0 
 0 
 1 
 1 
 1 
 1 
 1 
 1 
 10 
 12 
 0 
 7 
 7 
 7 
 7 
 0 
 0 
 1 
 1 
 1 
 16 
 1 
 1 
 1 
 1 
 12 
 0 
 7 
 7 
 7 
 7 
 0 
 0 
 0 
 1 
 1 
 1 
 1 
 1 
 1 
 1 
 0 
 0 
 7 
 7 
 7 
 7 
 0 
 0 
 1 
 1 
 1 
 0 
 0 
 0 
 0 
 0 
 0 
 0 
 7 
 7 
 7 
 7 
 0 
 0 
 0 
 0 
 0 
 0 
 0 
 0 
 0 
 4 
 0 
 0 
 7 
 7 
 7 
 7 
 0 
 0 
 0 
 0 
 0 
 0 
 0 
 0 
 0 
 3 
 0 
 0 
 7 
 7 
 7 
 7 
 7 
 7 
 7 
 0 
 0 
 21 
 21 
 0 
 0 
 3 
 0 
 21 
 7 
 7 
 7 
 7 
 7 
 7 
 7 
 7 
 7 
 7 
 7 
 21 
 0 
 0 
 21 
 7 
 7 
 7 
 7 
 7 
 7 
 7 
 7 
 7 
 7 
 7 
 7 
 7 
 0 
 21 
 21 
 7 
 7 
 7 
 7 
 7 
 7 
 7 
 7 
 7 
 7 
 7 
 7 
 7 
 7 
 7 
 7 
 7 
 7 
 7 
 7 
 7 
 7 
 7 
 7 
 7 
 7 
 7 
 7 
 7 
 7 
 7 
 7 
 7 
 7 
 7 
 7 
 7 
 7 
 7 
 7 
 7 
 7 
 7 
 7 
 7 
 7 
 7 
 7 
 7 
 7 
 7 
