NONE
 0 
 7 
 7 
 7 
 7 
 7 
 7 
 7 
 12 
 12 
 7 
 7 
 7 
 7 
 7 
 7 
 7 
 7 
 7 
 7 
 7 
 7 
 7 
 7 
 12 
 12 
 7 
 7 
 7 
 7 
 7 
 7 
 7 
 7 
 7 
 0 
 0 
 0 
 0 
 0 
 12 
 12 
 21 
 21 
 0 
 0 
 21 
 7 
 7 
 7 
 0 
 0 
 0 
 0 
 4 
 0 
 12 
 12 
 21 
 0 
 0 
 0 
 0 
 21 
 7 
 7 
 0 
 0 
 2 
 1 
 1 
 15 
 12 
 12 
 21 
 0 
 1 
 1 
 0 
 0 
 7 
 7 
 0 
 2 
 2 
 1 
 10 
 12 
 12 
 12 
 0 
 0 
 1 
 8 
 29 
 0 
 7 
 7 
 0 
 0 
 2 
 1 
 1 
 0 
 12 
 12 
 0 
 0 
 1 
 1 
 0 
 0 
 7 
 7 
 0 
 0 
 0 
 0 
 4 
 0 
 32 
 12 
 12 
 0 
 1 
 8 
 12 
 12 
 7 
 7 
 0 
 0 
 0 
 0 
 0 
 0 
 0 
 0 
 12 
 0 
 1 
 1 
 0 
 12 
 7 
 7 
 0 
 0 
 0 
 0 
 0 
 0 
 0 
 0 
 12 
 0 
 0 
 0 
 0 
 12 
 7 
 7 
 0 
 0 
 0 
 0 
 2 
 2 
 0 
 0 
 12 
 0 
 1 
 1 
 21 
 12 
 7 
 0 
 0 
 0 
 0 
 2 
 22 
 22 
 2 
 0 
 12 
 0 
 1 
 8 
 12 
 12 
 7 
 0 
 0 
 0 
 0 
 2 
 22 
 22 
 2 
 0 
 12 
 0 
 0 
 0 
 12 
 0 
 7 
 7 
 0 
 0 
 0 
 0 
 2 
 2 
 0 
 0 
 12 
 0 
 1 
 1 
 12 
 0 
 7 
 7 
 0 
 21 
 0 
 0 
 0 
 0 
 0 
 30 
 12 
 0 
 1 
 10 
 12 
 0 
 7 
 7 
 0 
 21 
 21 
 0 
 0 
 0 
 21 
 0 
 12 
 0 
 1 
 1 
 12 
 0 
 7 
 7 
 21 
 21 
 21 
 0 
 0 
 0 
 21 
 21 
 12 
 0 
 0 
 38 
 12 
 0 
 7 
 7 
 7 
 21 
 21 
 0 
 0 
 1 
 1 
 21 
 12 
 0 
 0 
 0 
 12 
 7 
 7 
 7 
 7 
 21 
 0 
 0 
 1 
 1 
 1 
 21 
 12 
 0 
 0 
 0 
 12 
 7 
 7 
 7 
 7 
 0 
 31 
 0 
 1 
 1 
 10 
 12 
 12 
 12 
 12 
 12 
 12 
 12 
 12 
 7 
 7 
 7 
 0 
 0 
 0 
 1 
 1 
 21 
 0 
 0 
 0 
 21 
 7 
 7 
 7 
 7 
 7 
 7 
 7 
 0 
 0 
 0 
 0 
 0 
 0 
 0 
 21 
 7 
 7 
 7 
 7 
 7 
 7 
 7 
 7 
 7 
 7 
 7 
 7 
 7 
 7 
 7 
 7 
 7 
 7 
 7 
 7 
 7 
 7 
 7 
 7 
 7 
 7 
 7 
 7 
 7 
 7 
 7 
 7 
 7 
 7 
 7 
 7 
