LOBSTER
 1 
 2 
 2 
 7 
 7 
 0 
 0 
 0 
 0 
 0 
 0 
 0 
 0 
 2 
 2 
 21 
 21 
 2 
 2 
 7 
 7 
 0 
 21 
 0 
 0 
 12 
 21 
 21 
 0 
 2 
 8 
 0 
 21 
 2 
 2 
 7 
 0 
 1 
 1 
 21 
 12 
 12 
 21 
 21 
 0 
 2 
 2 
 0 
 0 
 2 
 2 
 0 
 0 
 1 
 10 
 12 
 12 
 12 
 0 
 1 
 1 
 1 
 1 
 0 
 0 
 2 
 2 
 0 
 0 
 1 
 1 
 0 
 12 
 29 
 0 
 1 
 16 
 1 
 10 
 12 
 0 
 2 
 2 
 0 
 2 
 1 
 10 
 12 
 12 
 21 
 0 
 1 
 1 
 1 
 1 
 12 
 0 
 2 
 2 
 0 
 1 
 1 
 1 
 21 
 12 
 21 
 0 
 1 
 16 
 1 
 1 
 12 
 0 
 2 
 2 
 7 
 2 
 1 
 1 
 21 
 12 
 15 
 0 
 1 
 1 
 1 
 1 
 12 
 0 
 2 
 2 
 0 
 7 
 0 
 0 
 0 
 12 
 12 
 12 
 12 
 12 
 12 
 12 
 12 
 7 
 2 
 2 
 2 
 2 
 2 
 2 
 2 
 12 
 2 
 2 
 2 
 2 
 2 
 2 
 2 
 2 
 2 
 2 
 2 
 2 
 2 
 2 
 2 
 12 
 2 
 2 
 2 
 2 
 2 
 2 
 2 
 2 
 12 
 12 
 12 
 12 
 12 
 12 
 21 
 12 
 21 
 7 
 7 
 7 
 7 
 7 
 0 
 0 
 12 
 12 
 12 
 0 
 0 
 12 
 12 
 12 
 0 
 7 
 7 
 7 
 7 
 7 
 0 
 0 
 12 
 12 
 7 
 0 
 7 
 7 
 7 
 12 
 0 
 0 
 0 
 7 
 7 
 7 
 7 
 0 
 0 
 0 
 0 
 0 
 0 
 7 
 7 
 12 
 12 
 0 
 0 
 0 
 7 
 7 
 0 
 0 
 0 
 0 
 0 
 0 
 0 
 0 
 0 
 12 
 12 
 32 
 0 
 0 
 0 
 0 
 0 
 0 
 22 
 22 
 22 
 36 
 0 
 0 
 0 
 38 
 0 
 0 
 0 
 0 
 0 
 0 
 0 
 0 
 22 
 22 
 22 
 22 
 22 
 36 
 0 
 0 
 0 
 0 
 38 
 0 
 0 
 34 
 22 
 22 
 22 
 22 
 22 
 22 
 22 
 22 
 22 
 22 
 22 
 22 
 22 
 22 
 22 
 22 
 22 
 22 
 22 
 22 
 22 
 22 
 22 
 22 
 22 
 22 
 22 
 22 
 22 
 22 
 22 
 22 
 22 
 22 
 22 
 22 
 22 
 22 
 22 
 22 
 22 
 22 
 22 
 22 
 22 
 22 
 22 
 22 
 22 
 22 
 22 
 22 
 22 
 22 
 22 
 22 
 22 
 22 
 22 
 22 
 22 
 22 
 22 
 22 
 22 
 22 
 22 
 22 
 22 
 22 
 22 
 22 
 22 
 22 
 22 
 22 
 22 
 22 
 22 
 22 
 22 
 22 
 22 
 22 
 22 
 22 
 22 
 22 
 22 
 22 
 22 
 22 
 22 
 22 
 22 
 22 
 22 
 22 
