NONE
 0 
 2 
 2 
 2 
 2 
 2 
 2 
 2 
 1 
 0 
 12 
 12 
 0 
 1 
 2 
 2 
 2 
 2 
 2 
 2 
 2 
 2 
 2 
 2 
 1 
 0 
 12 
 12 
 0 
 1 
 2 
 2 
 2 
 2 
 2 
 0 
 0 
 7 
 0 
 0 
 0 
 15 
 12 
 12 
 0 
 0 
 0 
 7 
 0 
 2 
 2 
 7 
 7 
 0 
 0 
 21 
 0 
 0 
 12 
 12 
 0 
 7 
 21 
 0 
 0 
 2 
 2 
 0 
 0 
 0 
 1 
 1 
 3 
 0 
 12 
 12 
 0 
 0 
 21 
 21 
 0 
 2 
 2 
 7 
 7 
 0 
 1 
 10 
 12 
 12 
 12 
 12 
 0 
 1 
 1 
 21 
 0 
 2 
 2 
 7 
 0 
 0 
 1 
 1 
 29 
 0 
 12 
 12 
 0 
 1 
 8 
 12 
 0 
 2 
 2 
 7 
 0 
 1 
 1 
 1 
 21 
 0 
 12 
 12 
 1 
 1 
 1 
 12 
 0 
 2 
 2 
 0 
 0 
 1 
 1 
 1 
 21 
 0 
 12 
 12 
 1 
 1 
 8 
 12 
 0 
 2 
 2 
 0 
 0 
 21 
 21 
 1 
 21 
 0 
 12 
 12 
 0 
 1 
 1 
 12 
 0 
 1 
 1 
 0 
 15 
 0 
 0 
 0 
 0 
 4 
 12 
 12 
 1 
 1 
 8 
 12 
 0 
 12 
 12 
 12 
 12 
 12 
 12 
 12 
 12 
 12 
 12 
 12 
 1 
 1 
 1 
 12 
 0 
 12 
 12 
 12 
 12 
 12 
 12 
 12 
 12 
 12 
 12 
 12 
 0 
 21 
 21 
 12 
 0 
 1 
 1 
 0 
 0 
 0 
 0 
 12 
 0 
 0 
 12 
 12 
 12 
 12 
 12 
 12 
 12 
 2 
 2 
 0 
 3 
 0 
 7 
 12 
 21 
 0 
 12 
 12 
 12 
 12 
 12 
 12 
 12 
 2 
 2 
 21 
 0 
 0 
 12 
 12 
 2 
 36 
 31 
 0 
 0 
 0 
 30 
 12 
 0 
 2 
 2 
 2 
 2 
 0 
 12 
 4 
 22 
 22 
 0 
 0 
 2 
 1 
 1 
 12 
 0 
 2 
 2 
 2 
 10 
 12 
 12 
 0 
 2 
 37 
 21 
 0 
 2 
 1 
 10 
 12 
 0 
 2 
 2 
 2 
 2 
 0 
 0 
 0 
 21 
 21 
 0 
 0 
 2 
 1 
 1 
 12 
 0 
 2 
 2 
 2 
 2 
 21 
 0 
 0 
 0 
 0 
 0 
 1 
 1 
 1 
 1 
 12 
 0 
 2 
 2 
 2 
 21 
 0 
 0 
 0 
 0 
 1 
 1 
 1 
 1 
 1 
 8 
 12 
 0 
 2 
 2 
 7 
 0 
 0 
 7 
 0 
 2 
 1 
 2 
 1 
 2 
 1 
 1 
 21 
 0 
 2 
 2 
 7 
 7 
 0 
 0 
 0 
 0 
 0 
 0 
 0 
 7 
 7 
 21 
 21 
 7 
 2 
 2 
 7 
 7 
 0 
 0 
 0 
 0 
 0 
 0 
 0 
 0 
 7 
 7 
 7 
 7 
