SOLDIER
 3 
 0 
 0 
 0 
 0 
 0 
 0 
 0 
 0 
 0 
 0 
 0 
 0 
 0 
 0 
 0 
 0 
 0 
 0 
 7 
 0 
 0 
 0 
 0 
 0 
 0 
 0 
 0 
 0 
 0 
 0 
 0 
 0 
 0 
 7 
 7 
 7 
 0 
 0 
 0 
 0 
 0 
 0 
 7 
 0 
 0 
 0 
 34 
 22 
 0 
 0 
 0 
 7 
 0 
 0 
 7 
 0 
 0 
 0 
 0 
 0 
 0 
 0 
 22 
 22 
 0 
 0 
 0 
 7 
 0 
 7 
 0 
 0 
 0 
 0 
 0 
 0 
 0 
 0 
 22 
 22 
 0 
 0 
 0 
 0 
 0 
 7 
 7 
 0 
 0 
 0 
 0 
 0 
 0 
 0 
 22 
 22 
 0 
 7 
 0 
 0 
 7 
 7 
 7 
 0 
 0 
 0 
 0 
 0 
 0 
 0 
 22 
 22 
 0 
 7 
 7 
 7 
 7 
 7 
 0 
 0 
 0 
 0 
 7 
 0 
 0 
 0 
 22 
 22 
 0 
 0 
 7 
 7 
 7 
 0 
 0 
 0 
 0 
 7 
 7 
 0 
 0 
 0 
 22 
 22 
 7 
 7 
 7 
 7 
 7 
 7 
 0 
 0 
 0 
 7 
 7 
 0 
 0 
 0 
 22 
 22 
 0 
 7 
 7 
 7 
 7 
 0 
 0 
 0 
 7 
 7 
 0 
 0 
 0 
 0 
 22 
 22 
 0 
 7 
 7 
 7 
 0 
 0 
 0 
 7 
 7 
 0 
 0 
 0 
 0 
 0 
 22 
 22 
 0 
 7 
 7 
 0 
 0 
 0 
 7 
 7 
 0 
 0 
 0 
 0 
 0 
 0 
 22 
 22 
 0 
 0 
 7 
 7 
 0 
 0 
 0 
 0 
 0 
 0 
 0 
 0 
 0 
 0 
 22 
 22 
 0 
 7 
 7 
 7 
 0 
 0 
 0 
 0 
 0 
 0 
 0 
 0 
 0 
 0 
 22 
 22 
 0 
 0 
 7 
 0 
 0 
 0 
 0 
 0 
 0 
 0 
 0 
 0 
 0 
 0 
 22 
 22 
 0 
 0 
 0 
 0 
 0 
 0 
 0 
 0 
 0 
 0 
 0 
 0 
 0 
 2 
 16 
 16 
 0 
 0 
 0 
 0 
 0 
 0 
 0 
 0 
 0 
 0 
 0 
 0 
 0 
 13 
 13 
 13 
 0 
 0 
 0 
 0 
 0 
 0 
 0 
 0 
 0 
 0 
 0 
 0 
 0 
 13 
 13 
 13 
 0 
 0 
 0 
 7 
 7 
 7 
 0 
 0 
 0 
 0 
 0 
 0 
 0 
 13 
 13 
 13 
 0 
 0 
 0 
 0 
 7 
 7 
 7 
 7 
 0 
 0 
 0 
 0 
 0 
 2 
 16 
 16 
 0 
 0 
 0 
 0 
 7 
 7 
 7 
 0 
 0 
 0 
 0 
 0 
 0 
 0 
 22 
 22 
 0 
 0 
 0 
 0 
 0 
 0 
 0 
 0 
 0 
 0 
 0 
 0 
 0 
 0 
 22 
 22 
 0 
 0 
 0 
 0 
 0 
 0 
 0 
 0 
 0 
 0 
 0 
 0 
 0 
 0 
 22 
 22 
