LIZARD
 3 
 0 
 19 
 16 
 16 
 16 
 16 
 16 
 0 
 0 
 19 
 16 
 16 
 16 
 16 
 16 
 16 
 19 
 16 
 16 
 16 
 16 
 16 
 16 
 0 
 0 
 0 
 0 
 19 
 16 
 16 
 16 
 16 
 16 
 16 
 16 
 16 
 16 
 16 
 16 
 0 
 0 
 0 
 0 
 0 
 0 
 0 
 19 
 16 
 16 
 16 
 16 
 16 
 16 
 16 
 16 
 0 
 0 
 0 
 12 
 12 
 12 
 0 
 0 
 19 
 16 
 16 
 16 
 16 
 16 
 16 
 16 
 21 
 0 
 12 
 12 
 12 
 12 
 12 
 0 
 0 
 16 
 16 
 16 
 16 
 16 
 16 
 16 
 21 
 0 
 12 
 12 
 12 
 12 
 12 
 12 
 12 
 16 
 16 
 16 
 16 
 16 
 16 
 16 
 0 
 0 
 12 
 12 
 12 
 12 
 12 
 12 
 12 
 16 
 16 
 16 
 16 
 16 
 16 
 16 
 0 
 0 
 0 
 12 
 0 
 0 
 0 
 0 
 0 
 16 
 16 
 16 
 16 
 16 
 16 
 16 
 17 
 0 
 0 
 0 
 0 
 0 
 0 
 19 
 16 
 16 
 16 
 16 
 16 
 16 
 16 
 16 
 16 
 21 
 0 
 0 
 0 
 0 
 19 
 16 
 16 
 19 
 16 
 16 
 16 
 16 
 16 
 16 
 16 
 21 
 0 
 19 
 16 
 16 
 16 
 16 
 16 
 0 
 19 
 16 
 16 
 16 
 16 
 16 
 18 
 0 
 0 
 0 
 19 
 16 
 16 
 16 
 16 
 0 
 19 
 16 
 16 
 16 
 16 
 16 
 21 
 0 
 0 
 0 
 19 
 16 
 16 
 16 
 16 
 19 
 16 
 16 
 16 
 16 
 16 
 18 
 0 
 0 
 0 
 0 
 19 
 16 
 16 
 16 
 16 
 16 
 16 
 16 
 16 
 16 
 0 
 0 
 0 
 12 
 0 
 0 
 19 
 16 
 16 
 16 
 16 
 16 
 16 
 16 
 16 
 16 
 0 
 21 
 12 
 12 
 0 
 19 
 16 
 16 
 16 
 16 
 16 
 16 
 16 
 16 
 16 
 16 
 0 
 21 
 12 
 12 
 0 
 0 
 0 
 0 
 0 
 19 
 16 
 16 
 16 
 16 
 16 
 16 
 21 
 12 
 12 
 12 
 0 
 0 
 0 
 0 
 0 
 0 
 0 
 16 
 16 
 16 
 16 
 16 
 21 
 12 
 12 
 12 
 0 
 0 
 0 
 0 
 0 
 0 
 0 
 16 
 16 
 16 
 16 
 16 
 0 
 12 
 12 
 21 
 0 
 0 
 0 
 0 
 0 
 19 
 16 
 19 
 16 
 16 
 16 
 16 
 0 
 0 
 12 
 0 
 0 
 0 
 19 
 16 
 16 
 16 
 16 
 0 
 19 
 16 
 16 
 16 
 0 
 0 
 0 
 0 
 19 
 16 
 16 
 16 
 16 
 16 
 16 
 0 
 19 
 16 
 16 
 16 
 17 
 0 
 0 
 0 
 19 
 16 
 16 
 16 
 16 
 16 
 16 
 0 
 0 
 19 
 16 
 16 
 16 
 0 
 0 
 0 
 19 
 16 
 16 
 16 
 16 
 16 
 16 
