SOLDIER
 3 
 22 
 22 
 22 
 22 
 22 
 22 
 0 
 0 
 0 
 0 
 0 
 0 
 7 
 0 
 7 
 7 
 22 
 22 
 22 
 22 
 22 
 22 
 0 
 0 
 0 
 7 
 0 
 0 
 7 
 0 
 7 
 7 
 22 
 22 
 22 
 22 
 22 
 22 
 0 
 0 
 0 
 0 
 0 
 0 
 7 
 0 
 7 
 7 
 22 
 22 
 22 
 22 
 22 
 37 
 0 
 0 
 0 
 0 
 0 
 0 
 7 
 0 
 7 
 7 
 22 
 22 
 22 
 22 
 22 
 0 
 0 
 0 
 0 
 0 
 0 
 0 
 7 
 0 
 7 
 7 
 22 
 22 
 22 
 22 
 37 
 0 
 0 
 7 
 0 
 0 
 0 
 0 
 7 
 0 
 7 
 7 
 22 
 22 
 22 
 37 
 0 
 0 
 0 
 0 
 0 
 0 
 0 
 0 
 0 
 0 
 7 
 7 
 22 
 22 
 37 
 0 
 0 
 7 
 0 
 0 
 0 
 7 
 0 
 0 
 0 
 0 
 7 
 7 
 0 
 0 
 0 
 0 
 0 
 0 
 0 
 0 
 0 
 0 
 0 
 0 
 0 
 0 
 7 
 7 
 0 
 0 
 0 
 0 
 7 
 0 
 0 
 0 
 0 
 0 
 0 
 0 
 0 
 0 
 7 
 7 
 0 
 0 
 0 
 0 
 0 
 0 
 0 
 0 
 0 
 0 
 7 
 0 
 0 
 0 
 7 
 7 
 7 
 7 
 7 
 0 
 0 
 0 
 7 
 0 
 0 
 0 
 0 
 0 
 0 
 0 
 7 
 7 
 7 
 7 
 7 
 7 
 0 
 7 
 7 
 7 
 0 
 0 
 0 
 0 
 0 
 0 
 7 
 7 
 0 
 0 
 7 
 7 
 7 
 7 
 7 
 7 
 0 
 0 
 0 
 0 
 7 
 0 
 7 
 7 
 0 
 0 
 0 
 7 
 7 
 7 
 7 
 0 
 0 
 0 
 0 
 0 
 0 
 0 
 7 
 7 
 0 
 0 
 0 
 0 
 0 
 7 
 0 
 0 
 0 
 7 
 0 
 0 
 0 
 0 
 7 
 7 
 0 
 0 
 0 
 7 
 0 
 0 
 0 
 0 
 0 
 0 
 0 
 7 
 0 
 0 
 7 
 7 
 0 
 0 
 0 
 0 
 0 
 0 
 0 
 7 
 0 
 0 
 0 
 0 
 0 
 0 
 7 
 7 
 0 
 0 
 7 
 0 
 0 
 0 
 0 
 0 
 0 
 0 
 0 
 19 
 16 
 16 
 16 
 16 
 0 
 0 
 0 
 0 
 0 
 0 
 0 
 0 
 19 
 16 
 16 
 16 
 16 
 16 
 16 
 16 
 0 
 0 
 0 
 19 
 16 
 16 
 16 
 16 
 16 
 16 
 16 
 16 
 16 
 16 
 16 
 16 
 16 
 16 
 16 
 16 
 16 
 16 
 16 
 16 
 16 
 16 
 16 
 16 
 16 
 16 
 16 
 16 
 16 
 16 
 16 
 16 
 16 
 16 
 16 
 16 
 16 
 16 
 16 
 16 
 16 
 16 
 16 
 16 
 16 
 16 
 16 
 16 
 16 
 16 
 16 
 16 
 16 
 16 
 16 
 16 
 16 
 16 
 16 
 16 
