SOLDIER
 3 
 0 
 0 
 0 
 0 
 22 
 22 
 22 
 22 
 0 
 0 
 0 
 0 
 7 
 0 
 7 
 7 
 0 
 0 
 0 
 0 
 22 
 22 
 22 
 22 
 0 
 0 
 7 
 0 
 0 
 0 
 7 
 7 
 22 
 22 
 22 
 22 
 22 
 22 
 22 
 22 
 0 
 0 
 0 
 0 
 0 
 7 
 0 
 7 
 22 
 22 
 22 
 22 
 22 
 22 
 22 
 22 
 0 
 0 
 0 
 0 
 0 
 0 
 7 
 7 
 22 
 22 
 22 
 22 
 22 
 22 
 22 
 22 
 0 
 0 
 7 
 0 
 0 
 7 
 7 
 7 
 22 
 22 
 22 
 22 
 22 
 22 
 22 
 37 
 0 
 0 
 0 
 0 
 0 
 7 
 7 
 7 
 22 
 22 
 0 
 0 
 0 
 0 
 0 
 0 
 0 
 0 
 0 
 0 
 0 
 0 
 7 
 7 
 22 
 22 
 0 
 0 
 0 
 7 
 0 
 0 
 0 
 0 
 7 
 0 
 0 
 7 
 7 
 7 
 22 
 22 
 0 
 0 
 0 
 0 
 0 
 0 
 0 
 0 
 0 
 0 
 0 
 0 
 7 
 7 
 22 
 22 
 0 
 0 
 0 
 0 
 0 
 0 
 7 
 0 
 0 
 0 
 0 
 0 
 7 
 7 
 22 
 22 
 0 
 0 
 0 
 0 
 0 
 0 
 0 
 0 
 0 
 0 
 0 
 7 
 7 
 7 
 22 
 22 
 0 
 0 
 0 
 0 
 0 
 0 
 0 
 0 
 0 
 0 
 7 
 7 
 7 
 7 
 22 
 22 
 0 
 0 
 0 
 0 
 7 
 0 
 0 
 0 
 0 
 0 
 0 
 0 
 7 
 7 
 22 
 22 
 0 
 0 
 0 
 0 
 0 
 0 
 0 
 0 
 7 
 0 
 0 
 0 
 7 
 7 
 22 
 22 
 0 
 0 
 0 
 0 
 0 
 0 
 0 
 0 
 0 
 0 
 0 
 0 
 0 
 7 
 22 
 22 
 0 
 0 
 0 
 0 
 0 
 0 
 0 
 0 
 0 
 0 
 0 
 0 
 0 
 7 
 16 
 16 
 2 
 0 
 0 
 0 
 0 
 7 
 0 
 0 
 0 
 0 
 0 
 0 
 0 
 7 
 13 
 13 
 13 
 0 
 0 
 0 
 0 
 0 
 0 
 0 
 0 
 0 
 7 
 0 
 7 
 7 
 13 
 13 
 13 
 0 
 0 
 0 
 0 
 0 
 0 
 0 
 0 
 7 
 0 
 0 
 7 
 7 
 13 
 13 
 13 
 0 
 0 
 0 
 0 
 0 
 0 
 7 
 0 
 0 
 0 
 7 
 7 
 7 
 16 
 16 
 2 
 0 
 0 
 0 
 0 
 0 
 0 
 0 
 0 
 0 
 0 
 0 
 0 
 7 
 22 
 22 
 0 
 0 
 0 
 0 
 0 
 0 
 0 
 0 
 0 
 0 
 0 
 7 
 0 
 0 
 22 
 22 
 0 
 0 
 0 
 7 
 0 
 0 
 0 
 0 
 0 
 7 
 0 
 0 
 0 
 0 
 22 
 22 
 0 
 0 
 7 
 0 
 0 
 0 
 7 
 0 
 0 
 0 
 0 
 7 
 7 
 7 
