DINO
 2 
 19 
 16 
 16 
 0 
 0 
 19 
 16 
 16 
 16 
 16 
 16 
 16 
 16 
 16 
 16 
 16 
 19 
 16 
 16 
 0 
 0 
 0 
 12 
 19 
 16 
 16 
 16 
 16 
 16 
 16 
 16 
 16 
 19 
 16 
 16 
 21 
 0 
 0 
 0 
 7 
 19 
 16 
 16 
 16 
 16 
 16 
 16 
 16 
 0 
 19 
 16 
 16 
 17 
 0 
 0 
 0 
 19 
 16 
 16 
 16 
 16 
 16 
 16 
 16 
 0 
 19 
 16 
 16 
 16 
 0 
 0 
 0 
 0 
 19 
 16 
 16 
 16 
 16 
 16 
 16 
 0 
 19 
 16 
 16 
 16 
 0 
 12 
 0 
 0 
 0 
 19 
 16 
 16 
 16 
 16 
 16 
 0 
 0 
 19 
 16 
 16 
 0 
 15 
 12 
 0 
 0 
 12 
 19 
 16 
 16 
 16 
 16 
 0 
 0 
 19 
 16 
 18 
 0 
 0 
 12 
 0 
 0 
 12 
 19 
 16 
 16 
 16 
 16 
 0 
 19 
 16 
 18 
 0 
 0 
 7 
 12 
 12 
 7 
 0 
 0 
 19 
 16 
 16 
 16 
 0 
 19 
 16 
 0 
 0 
 7 
 21 
 12 
 12 
 21 
 7 
 0 
 19 
 16 
 16 
 16 
 19 
 16 
 16 
 0 
 7 
 21 
 12 
 12 
 12 
 21 
 7 
 0 
 0 
 19 
 16 
 16 
 19 
 16 
 16 
 0 
 7 
 21 
 12 
 34 
 36 
 12 
 21 
 0 
 0 
 0 
 9 
 0 
 19 
 16 
 16 
 0 
 7 
 21 
 12 
 35 
 37 
 12 
 21 
 7 
 0 
 0 
 9 
 0 
 19 
 16 
 16 
 0 
 7 
 21 
 12 
 12 
 12 
 21 
 7 
 0 
 0 
 19 
 16 
 16 
 19 
 16 
 16 
 0 
 0 
 7 
 21 
 12 
 12 
 21 
 7 
 0 
 19 
 16 
 16 
 16 
 0 
 19 
 16 
 17 
 7 
 0 
 7 
 12 
 12 
 7 
 0 
 0 
 19 
 16 
 16 
 16 
 0 
 0 
 19 
 16 
 17 
 0 
 0 
 0 
 12 
 0 
 0 
 19 
 16 
 16 
 16 
 16 
 0 
 0 
 19 
 16 
 16 
 17 
 0 
 0 
 12 
 0 
 7 
 19 
 16 
 16 
 16 
 16 
 0 
 0 
 19 
 16 
 16 
 16 
 0 
 0 
 0 
 12 
 19 
 16 
 16 
 16 
 16 
 16 
 0 
 0 
 0 
 19 
 16 
 16 
 0 
 0 
 0 
 12 
 19 
 16 
 16 
 16 
 16 
 16 
 0 
 0 
 19 
 16 
 16 
 16 
 0 
 0 
 0 
 12 
 12 
 21 
 16 
 16 
 16 
 16 
 0 
 0 
 19 
 16 
 16 
 18 
 0 
 0 
 0 
 0 
 19 
 16 
 16 
 16 
 16 
 16 
 0 
 19 
 16 
 16 
 18 
 12 
 0 
 0 
 19 
 16 
 16 
 16 
 16 
 16 
 16 
 16 
 19 
 16 
 16 
 16 
 12 
 0 
 0 
 19 
 16 
 16 
 16 
 16 
 16 
 16 
 16 
 16 
