SOLDIER
 3 
 16 
 16 
 16 
 0 
 0 
 0 
 0 
 0 
 0 
 19 
 16 
 16 
 16 
 16 
 16 
 16 
 16 
 16 
 16 
 0 
 0 
 0 
 0 
 0 
 0 
 19 
 16 
 16 
 16 
 16 
 16 
 16 
 16 
 16 
 18 
 0 
 0 
 0 
 0 
 0 
 0 
 0 
 0 
 19 
 16 
 16 
 16 
 16 
 16 
 18 
 0 
 0 
 0 
 0 
 0 
 0 
 0 
 0 
 0 
 0 
 0 
 19 
 16 
 16 
 0 
 0 
 0 
 0 
 0 
 0 
 0 
 0 
 0 
 0 
 0 
 0 
 0 
 0 
 16 
 16 
 0 
 0 
 0 
 0 
 0 
 0 
 0 
 0 
 0 
 0 
 0 
 0 
 0 
 0 
 16 
 16 
 0 
 0 
 0 
 0 
 0 
 0 
 0 
 0 
 0 
 0 
 0 
 0 
 0 
 0 
 16 
 16 
 0 
 0 
 0 
 0 
 0 
 0 
 0 
 0 
 0 
 0 
 0 
 0 
 0 
 0 
 13 
 13 
 0 
 0 
 0 
 0 
 0 
 0 
 0 
 0 
 0 
 0 
 0 
 0 
 0 
 0 
 16 
 16 
 0 
 0 
 0 
 0 
 0 
 0 
 0 
 0 
 0 
 0 
 0 
 0 
 0 
 0 
 16 
 16 
 0 
 0 
 0 
 0 
 0 
 21 
 21 
 0 
 0 
 15 
 0 
 0 
 0 
 0 
 16 
 16 
 0 
 0 
 0 
 0 
 21 
 21 
 21 
 0 
 0 
 0 
 0 
 0 
 0 
 0 
 16 
 16 
 0 
 0 
 0 
 0 
 0 
 21 
 0 
 0 
 0 
 0 
 0 
 0 
 0 
 0 
 16 
 16 
 0 
 0 
 0 
 0 
 0 
 0 
 0 
 0 
 21 
 0 
 0 
 0 
 0 
 0 
 16 
 16 
 0 
 0 
 0 
 0 
 0 
 0 
 0 
 0 
 21 
 0 
 0 
 0 
 0 
 0 
 16 
 16 
 0 
 0 
 0 
 0 
 0 
 0 
 0 
 21 
 21 
 21 
 0 
 0 
 0 
 0 
 16 
 16 
 0 
 0 
 0 
 0 
 0 
 0 
 0 
 21 
 21 
 0 
 0 
 0 
 0 
 0 
 16 
 16 
 0 
 0 
 0 
 0 
 0 
 0 
 0 
 0 
 0 
 0 
 0 
 0 
 0 
 0 
 16 
 16 
 16 
 16 
 16 
 17 
 0 
 0 
 0 
 0 
 0 
 0 
 0 
 0 
 0 
 0 
 16 
 16 
 16 
 16 
 16 
 16 
 0 
 0 
 0 
 0 
 0 
 0 
 0 
 0 
 0 
 19 
 16 
 16 
 16 
 16 
 16 
 16 
 16 
 16 
 16 
 16 
 16 
 16 
 16 
 16 
 16 
 16 
 16 
 16 
 16 
 16 
 16 
 16 
 16 
 16 
 16 
 16 
 16 
 16 
 16 
 16 
 16 
 16 
 16 
 16 
 16 
 16 
 16 
 16 
 16 
 16 
 16 
 16 
 16 
 16 
 16 
 16 
 16 
 16 
 16 
 16 
 16 
 16 
 16 
 16 
 16 
 16 
 16 
 16 
 16 
 16 
 16 
 16 
 16 
 16 
 16 
 16 
