DINO
 3 
 16 
 16 
 16 
 16 
 16 
 16 
 16 
 16 
 0 
 0 
 0 
 0 
 19 
 16 
 16 
 16 
 16 
 16 
 16 
 16 
 16 
 16 
 16 
 16 
 0 
 0 
 0 
 0 
 19 
 16 
 16 
 16 
 16 
 16 
 16 
 16 
 16 
 16 
 16 
 16 
 0 
 0 
 0 
 0 
 19 
 16 
 16 
 16 
 16 
 16 
 16 
 16 
 16 
 16 
 16 
 16 
 0 
 0 
 0 
 0 
 19 
 16 
 16 
 16 
 16 
 16 
 16 
 16 
 16 
 16 
 16 
 18 
 0 
 0 
 0 
 0 
 19 
 16 
 16 
 16 
 16 
 16 
 16 
 16 
 16 
 16 
 18 
 0 
 0 
 0 
 0 
 0 
 21 
 19 
 16 
 16 
 16 
 16 
 16 
 16 
 16 
 18 
 0 
 0 
 0 
 0 
 0 
 0 
 21 
 21 
 19 
 16 
 16 
 16 
 16 
 16 
 16 
 0 
 0 
 21 
 0 
 0 
 0 
 0 
 0 
 21 
 19 
 16 
 16 
 16 
 16 
 16 
 16 
 0 
 0 
 0 
 21 
 0 
 0 
 0 
 0 
 21 
 19 
 16 
 16 
 16 
 16 
 16 
 16 
 0 
 0 
 21 
 0 
 0 
 0 
 0 
 0 
 0 
 19 
 16 
 16 
 16 
 16 
 16 
 16 
 0 
 0 
 0 
 0 
 21 
 0 
 0 
 0 
 40 
 42 
 42 
 16 
 16 
 16 
 16 
 16 
 0 
 0 
 0 
 0 
 0 
 21 
 0 
 0 
 0 
 0 
 0 
 16 
 16 
 16 
 16 
 16 
 0 
 0 
 0 
 0 
 0 
 21 
 0 
 0 
 0 
 0 
 0 
 16 
 16 
 16 
 16 
 16 
 0 
 0 
 0 
 0 
 21 
 0 
 0 
 0 
 40 
 42 
 42 
 16 
 16 
 16 
 16 
 16 
 0 
 0 
 21 
 0 
 0 
 0 
 0 
 0 
 0 
 19 
 16 
 16 
 16 
 16 
 16 
 16 
 0 
 0 
 0 
 21 
 0 
 0 
 0 
 0 
 21 
 19 
 16 
 16 
 16 
 16 
 16 
 16 
 0 
 0 
 21 
 0 
 0 
 0 
 0 
 0 
 21 
 19 
 16 
 16 
 16 
 16 
 16 
 16 
 17 
 0 
 0 
 0 
 0 
 0 
 0 
 21 
 21 
 19 
 16 
 16 
 16 
 16 
 16 
 16 
 16 
 17 
 0 
 0 
 0 
 0 
 0 
 21 
 19 
 16 
 16 
 16 
 16 
 16 
 16 
 16 
 16 
 16 
 16 
 16 
 16 
 16 
 16 
 16 
 16 
 16 
 16 
 16 
 16 
 16 
 16 
 16 
 16 
 16 
 16 
 16 
 16 
 16 
 16 
 16 
 16 
 16 
 16 
 16 
 16 
 16 
 16 
 16 
 16 
 16 
 16 
 16 
 16 
 16 
 16 
 16 
 16 
 16 
 16 
 16 
 16 
 16 
 16 
 16 
 16 
 16 
 16 
 16 
 16 
 16 
 16 
 16 
 16 
 16 
 16 
 16 
 16 
 16 
 16 
 16 
 16 
 16 
 16 
 16 
 16 
 16 
 16 
 16 
 16 
 16 
 16 
