MUMMY
 3 
 7 
 7 
 7 
 7 
 7 
 12 
 12 
 7 
 7 
 7 
 7 
 12 
 12 
 0 
 2 
 2 
 7 
 7 
 7 
 7 
 0 
 0 
 12 
 12 
 7 
 7 
 12 
 12 
 0 
 0 
 2 
 2 
 0 
 0 
 7 
 7 
 0 
 0 
 0 
 12 
 12 
 12 
 12 
 0 
 0 
 0 
 2 
 2 
 0 
 0 
 7 
 0 
 0 
 0 
 31 
 0 
 12 
 12 
 12 
 0 
 7 
 7 
 2 
 2 
 0 
 0 
 0 
 0 
 0 
 21 
 21 
 0 
 0 
 12 
 12 
 7 
 7 
 7 
 2 
 2 
 0 
 0 
 0 
 0 
 21 
 21 
 21 
 21 
 21 
 12 
 12 
 7 
 7 
 7 
 2 
 2 
 0 
 0 
 0 
 0 
 21 
 21 
 21 
 21 
 21 
 21 
 12 
 12 
 7 
 7 
 2 
 2 
 0 
 7 
 7 
 0 
 0 
 21 
 21 
 21 
 0 
 0 
 0 
 0 
 0 
 7 
 2 
 2 
 7 
 7 
 7 
 7 
 0 
 21 
 21 
 21 
 0 
 0 
 0 
 38 
 0 
 0 
 2 
 2 
 2 
 2 
 2 
 2 
 2 
 2 
 2 
 2 
 1 
 1 
 3 
 0 
 0 
 0 
 2 
 2 
 2 
 2 
 2 
 2 
 2 
 2 
 2 
 2 
 1 
 1 
 1 
 12 
 0 
 0 
 2 
 2 
 0 
 0 
 7 
 7 
 7 
 7 
 2 
 2 
 1 
 1 
 10 
 12 
 0 
 0 
 2 
 2 
 0 
 0 
 0 
 7 
 7 
 7 
 2 
 2 
 1 
 1 
 1 
 12 
 0 
 0 
 2 
 2 
 0 
 0 
 7 
 0 
 0 
 7 
 2 
 2 
 1 
 1 
 3 
 0 
 0 
 0 
 2 
 2 
 0 
 0 
 0 
 0 
 0 
 0 
 2 
 2 
 2 
 2 
 2 
 2 
 2 
 2 
 2 
 2 
 0 
 7 
 0 
 0 
 7 
 0 
 2 
 2 
 2 
 2 
 2 
 2 
 2 
 2 
 2 
 2 
 0 
 0 
 0 
 0 
 0 
 0 
 0 
 0 
 0 
 7 
 7 
 7 
 7 
 7 
 7 
 7 
 22 
 22 
 36 
 0 
 0 
 0 
 7 
 0 
 0 
 0 
 0 
 7 
 7 
 7 
 7 
 7 
 22 
 22 
 22 
 36 
 0 
 0 
 0 
 0 
 0 
 0 
 7 
 7 
 7 
 7 
 7 
 7 
 22 
 22 
 22 
 22 
 22 
 22 
 36 
 0 
 0 
 0 
 0 
 7 
 0 
 7 
 7 
 7 
 22 
 22 
 22 
 22 
 22 
 22 
 22 
 36 
 0 
 0 
 0 
 0 
 7 
 0 
 7 
 7 
 22 
 22 
 22 
 22 
 22 
 22 
 22 
 22 
 0 
 0 
 0 
 7 
 0 
 0 
 7 
 7 
 22 
 22 
 22 
 22 
 22 
 22 
 22 
 22 
 36 
 0 
 0 
 0 
 0 
 0 
 7 
 7 
 22 
 22 
 22 
 22 
 22 
 22 
 22 
 22 
 22 
 0 
 0 
 0 
 7 
 0 
 7 
 7 
