SOLDIER
 2 
 19 
 16 
 16 
 17 
 0 
 0 
 0 
 0 
 0 
 0 
 0 
 19 
 16 
 16 
 16 
 16 
 0 
 19 
 16 
 16 
 17 
 0 
 0 
 0 
 0 
 0 
 0 
 19 
 16 
 16 
 16 
 16 
 0 
 0 
 19 
 16 
 16 
 16 
 17 
 21 
 0 
 0 
 0 
 0 
 19 
 16 
 16 
 16 
 0 
 19 
 16 
 16 
 16 
 16 
 16 
 22 
 36 
 0 
 21 
 0 
 19 
 16 
 16 
 16 
 0 
 0 
 35 
 22 
 22 
 22 
 22 
 22 
 22 
 0 
 0 
 0 
 19 
 16 
 16 
 16 
 19 
 16 
 16 
 16 
 16 
 16 
 16 
 22 
 22 
 0 
 0 
 0 
 19 
 16 
 16 
 16 
 0 
 0 
 19 
 16 
 16 
 16 
 16 
 22 
 37 
 0 
 0 
 0 
 19 
 16 
 16 
 16 
 0 
 0 
 0 
 19 
 16 
 16 
 16 
 22 
 21 
 0 
 0 
 0 
 19 
 16 
 16 
 16 
 0 
 0 
 19 
 16 
 16 
 16 
 16 
 22 
 21 
 0 
 0 
 0 
 19 
 16 
 16 
 16 
 0 
 19 
 16 
 16 
 16 
 16 
 16 
 37 
 0 
 0 
 0 
 0 
 19 
 16 
 16 
 16 
 19 
 16 
 16 
 16 
 16 
 16 
 16 
 0 
 0 
 0 
 0 
 19 
 16 
 16 
 16 
 16 
 0 
 19 
 16 
 16 
 16 
 16 
 18 
 0 
 0 
 0 
 19 
 16 
 16 
 16 
 16 
 16 
 0 
 0 
 19 
 16 
 16 
 18 
 0 
 0 
 0 
 0 
 19 
 16 
 16 
 16 
 16 
 16 
 0 
 19 
 16 
 16 
 16 
 0 
 0 
 0 
 0 
 0 
 19 
 16 
 16 
 16 
 16 
 16 
 19 
 16 
 16 
 16 
 16 
 0 
 0 
 0 
 0 
 0 
 19 
 16 
 16 
 16 
 16 
 16 
 0 
 19 
 16 
 16 
 18 
 0 
 0 
 12 
 0 
 0 
 19 
 16 
 16 
 16 
 16 
 16 
 19 
 16 
 16 
 18 
 0 
 0 
 12 
 0 
 0 
 0 
 19 
 16 
 16 
 16 
 16 
 16 
 19 
 16 
 18 
 0 
 0 
 12 
 12 
 0 
 0 
 19 
 16 
 16 
 16 
 16 
 16 
 16 
 19 
 16 
 0 
 0 
 0 
 12 
 0 
 0 
 0 
 19 
 16 
 16 
 16 
 16 
 16 
 16 
 19 
 16 
 0 
 0 
 12 
 12 
 0 
 0 
 19 
 16 
 16 
 16 
 16 
 16 
 16 
 16 
 19 
 16 
 0 
 0 
 12 
 0 
 0 
 19 
 16 
 16 
 16 
 16 
 16 
 16 
 16 
 16 
 19 
 16 
 17 
 0 
 0 
 0 
 19 
 16 
 16 
 16 
 16 
 16 
 16 
 16 
 16 
 16 
 19 
 16 
 16 
 0 
 0 
 19 
 16 
 16 
 16 
 16 
 16 
 16 
 16 
 16 
 16 
 16 
 0 
 19 
 16 
 0 
 0 
 19 
 16 
 16 
 16 
 16 
 16 
 16 
 16 
 16 
 16 
 16 
