PIGEON
 3 
 0 
 0 
 0 
 0 
 0 
 7 
 7 
 7 
 7 
 7 
 7 
 7 
 7 
 0 
 7 
 7 
 0 
 0 
 0 
 0 
 0 
 0 
 0 
 0 
 7 
 7 
 7 
 7 
 7 
 0 
 0 
 7 
 0 
 7 
 7 
 0 
 0 
 0 
 0 
 0 
 0 
 0 
 7 
 7 
 7 
 0 
 0 
 0 
 0 
 7 
 7 
 0 
 0 
 0 
 0 
 12 
 0 
 0 
 0 
 7 
 7 
 0 
 0 
 0 
 0 
 0 
 7 
 0 
 0 
 0 
 0 
 12 
 0 
 0 
 0 
 0 
 0 
 0 
 0 
 0 
 0 
 0 
 0 
 0 
 0 
 0 
 12 
 12 
 12 
 12 
 12 
 0 
 0 
 0 
 0 
 0 
 0 
 0 
 0 
 0 
 0 
 12 
 12 
 12 
 12 
 12 
 12 
 0 
 0 
 0 
 0 
 0 
 0 
 0 
 0 
 0 
 0 
 0 
 12 
 12 
 12 
 12 
 12 
 12 
 0 
 0 
 0 
 7 
 0 
 0 
 0 
 0 
 0 
 0 
 12 
 12 
 12 
 12 
 12 
 12 
 0 
 0 
 7 
 7 
 0 
 0 
 0 
 0 
 15 
 0 
 0 
 12 
 12 
 12 
 12 
 12 
 0 
 0 
 7 
 7 
 0 
 0 
 7 
 0 
 0 
 0 
 0 
 12 
 12 
 12 
 12 
 12 
 0 
 0 
 7 
 7 
 0 
 0 
 7 
 7 
 0 
 0 
 0 
 12 
 12 
 12 
 0 
 0 
 0 
 0 
 0 
 7 
 0 
 0 
 0 
 7 
 0 
 0 
 0 
 12 
 12 
 12 
 0 
 0 
 0 
 0 
 0 
 7 
 0 
 0 
 0 
 7 
 0 
 0 
 0 
 12 
 12 
 12 
 12 
 0 
 0 
 0 
 0 
 0 
 0 
 0 
 7 
 0 
 7 
 7 
 0 
 0 
 0 
 12 
 12 
 12 
 12 
 12 
 12 
 12 
 0 
 0 
 7 
 7 
 7 
 7 
 0 
 0 
 0 
 0 
 12 
 12 
 12 
 12 
 12 
 12 
 0 
 0 
 0 
 0 
 7 
 0 
 0 
 0 
 0 
 0 
 0 
 0 
 0 
 0 
 0 
 0 
 0 
 0 
 0 
 7 
 0 
 7 
 7 
 0 
 0 
 0 
 0 
 7 
 0 
 0 
 7 
 7 
 0 
 7 
 0 
 7 
 7 
 7 
 7 
 0 
 0 
 0 
 0 
 0 
 7 
 7 
 7 
 7 
 0 
 7 
 0 
 7 
 0 
 7 
 7 
 0 
 0 
 0 
 0 
 7 
 7 
 7 
 7 
 7 
 0 
 0 
 0 
 0 
 7 
 0 
 0 
 7 
 0 
 0 
 0 
 0 
 7 
 7 
 7 
 7 
 0 
 0 
 0 
 0 
 0 
 0 
 7 
 0 
 0 
 0 
 0 
 0 
 0 
 0 
 7 
 7 
 16 
 16 
 17 
 0 
 0 
 0 
 0 
 0 
 7 
 7 
 0 
 0 
 0 
 0 
 0 
 7 
 16 
 16 
 16 
 17 
 0 
 0 
 0 
 0 
 0 
 0 
 0 
 0 
 0 
 0 
 0 
 7 
