SOLDIER
 3 
 7 
 7 
 0 
 0 
 0 
 0 
 0 
 0 
 22 
 22 
 22 
 22 
 0 
 0 
 7 
 7 
 7 
 7 
 0 
 0 
 0 
 0 
 0 
 0 
 22 
 22 
 22 
 22 
 0 
 0 
 7 
 7 
 7 
 7 
 0 
 0 
 0 
 0 
 0 
 0 
 22 
 22 
 22 
 22 
 0 
 0 
 0 
 7 
 7 
 7 
 7 
 0 
 0 
 0 
 0 
 0 
 22 
 22 
 22 
 22 
 0 
 0 
 0 
 7 
 7 
 7 
 7 
 7 
 0 
 0 
 0 
 0 
 22 
 22 
 22 
 22 
 0 
 0 
 0 
 0 
 7 
 7 
 7 
 7 
 0 
 0 
 0 
 0 
 22 
 22 
 22 
 22 
 0 
 0 
 0 
 0 
 7 
 7 
 7 
 7 
 0 
 0 
 0 
 0 
 22 
 22 
 22 
 22 
 0 
 0 
 0 
 0 
 7 
 7 
 7 
 7 
 0 
 0 
 0 
 0 
 22 
 22 
 22 
 22 
 0 
 0 
 0 
 0 
 7 
 7 
 7 
 0 
 0 
 0 
 0 
 0 
 22 
 22 
 22 
 22 
 0 
 0 
 0 
 0 
 0 
 0 
 0 
 0 
 0 
 0 
 0 
 0 
 22 
 22 
 22 
 22 
 22 
 22 
 22 
 22 
 0 
 0 
 0 
 0 
 0 
 0 
 0 
 0 
 22 
 22 
 22 
 22 
 22 
 22 
 22 
 22 
 0 
 0 
 0 
 0 
 0 
 0 
 0 
 0 
 22 
 22 
 22 
 22 
 22 
 22 
 22 
 22 
 7 
 7 
 0 
 0 
 0 
 0 
 0 
 0 
 35 
 22 
 22 
 22 
 22 
 22 
 22 
 22 
 7 
 7 
 7 
 0 
 0 
 0 
 0 
 0 
 0 
 0 
 0 
 0 
 0 
 0 
 0 
 0 
 7 
 7 
 7 
 7 
 0 
 0 
 0 
 0 
 0 
 0 
 0 
 0 
 0 
 0 
 0 
 0 
 7 
 7 
 7 
 7 
 0 
 9 
 0 
 0 
 0 
 0 
 0 
 0 
 0 
 0 
 0 
 0 
 7 
 7 
 7 
 7 
 0 
 0 
 9 
 0 
 0 
 0 
 0 
 0 
 0 
 0 
 0 
 0 
 7 
 7 
 7 
 7 
 0 
 0 
 0 
 9 
 0 
 9 
 0 
 0 
 0 
 0 
 0 
 0 
 7 
 7 
 7 
 0 
 0 
 9 
 0 
 0 
 0 
 0 
 0 
 0 
 0 
 0 
 0 
 0 
 7 
 7 
 0 
 0 
 0 
 0 
 0 
 9 
 0 
 0 
 0 
 0 
 0 
 0 
 7 
 7 
 7 
 7 
 0 
 9 
 0 
 0 
 9 
 0 
 0 
 0 
 0 
 0 
 0 
 7 
 7 
 7 
 7 
 7 
 7 
 0 
 0 
 0 
 0 
 0 
 0 
 0 
 0 
 7 
 7 
 7 
 7 
 7 
 7 
 7 
 7 
 7 
 7 
 7 
 0 
 0 
 0 
 0 
 7 
 7 
 7 
 7 
 7 
 7 
 7 
 7 
 7 
 7 
 7 
 7 
 7 
 0 
 0 
 7 
 7 
 7 
 7 
 7 
 7 
 7 
