SOLDIER
 2 
 16 
 16 
 16 
 16 
 16 
 16 
 16 
 16 
 16 
 16 
 16 
 16 
 16 
 16 
 16 
 16 
 16 
 16 
 16 
 16 
 16 
 16 
 16 
 16 
 16 
 16 
 16 
 16 
 16 
 16 
 16 
 16 
 16 
 16 
 16 
 16 
 16 
 16 
 16 
 16 
 16 
 16 
 16 
 16 
 16 
 16 
 16 
 16 
 16 
 16 
 16 
 16 
 16 
 16 
 16 
 16 
 16 
 16 
 16 
 16 
 16 
 16 
 16 
 16 
 16 
 16 
 16 
 16 
 16 
 16 
 16 
 16 
 16 
 16 
 16 
 16 
 16 
 16 
 16 
 16 
 16 
 16 
 16 
 16 
 16 
 16 
 16 
 18 
 0 
 0 
 0 
 0 
 0 
 19 
 16 
 16 
 16 
 16 
 16 
 16 
 18 
 0 
 0 
 0 
 0 
 0 
 0 
 0 
 0 
 0 
 0 
 0 
 16 
 16 
 16 
 18 
 0 
 0 
 0 
 0 
 0 
 0 
 0 
 0 
 0 
 0 
 0 
 0 
 16 
 16 
 16 
 0 
 0 
 12 
 12 
 0 
 0 
 0 
 12 
 12 
 12 
 0 
 0 
 0 
 16 
 16 
 16 
 0 
 0 
 0 
 12 
 12 
 12 
 12 
 12 
 12 
 0 
 0 
 0 
 0 
 16 
 16 
 16 
 0 
 0 
 0 
 0 
 12 
 12 
 12 
 12 
 0 
 0 
 0 
 0 
 0 
 16 
 16 
 16 
 0 
 0 
 0 
 0 
 12 
 12 
 12 
 12 
 0 
 0 
 0 
 0 
 0 
 16 
 16 
 16 
 0 
 0 
 7 
 0 
 12 
 12 
 12 
 12 
 0 
 7 
 7 
 0 
 0 
 16 
 16 
 16 
 0 
 0 
 7 
 0 
 12 
 0 
 0 
 0 
 7 
 7 
 0 
 0 
 0 
 16 
 16 
 16 
 17 
 7 
 0 
 0 
 12 
 0 
 0 
 7 
 7 
 0 
 7 
 0 
 0 
 16 
 16 
 16 
 16 
 7 
 7 
 0 
 12 
 12 
 7 
 7 
 0 
 7 
 0 
 0 
 0 
 16 
 16 
 16 
 16 
 0 
 7 
 0 
 0 
 12 
 0 
 0 
 7 
 0 
 0 
 0 
 0 
 16 
 16 
 16 
 16 
 0 
 0 
 7 
 0 
 12 
 12 
 0 
 0 
 0 
 12 
 12 
 0 
 16 
 16 
 16 
 16 
 0 
 0 
 7 
 0 
 0 
 12 
 12 
 12 
 12 
 12 
 12 
 0 
 16 
 16 
 16 
 16 
 0 
 0 
 0 
 0 
 0 
 0 
 12 
 12 
 12 
 12 
 12 
 0 
 16 
 16 
 16 
 16 
 0 
 0 
 0 
 0 
 0 
 0 
 0 
 0 
 12 
 12 
 0 
 0 
 16 
 16 
 16 
 16 
 0 
 0 
 0 
 0 
 0 
 7 
 7 
 0 
 0 
 0 
 0 
 7 
 16 
 16 
 16 
 16 
 0 
 0 
 0 
 0 
 0 
 0 
 7 
 7 
 7 
 0 
 7 
 7 
 16 
 16 
 16 
 16 
 0 
 0 
 0 
 0 
 0 
 0 
 0 
 0 
 0 
 0 
 7 
 7 
