GOBLIN
 2 
 7 
 7 
 7 
 0 
 0 
 0 
 22 
 22 
 22 
 22 
 0 
 0 
 0 
 7 
 7 
 7 
 7 
 7 
 7 
 0 
 0 
 0 
 22 
 22 
 22 
 22 
 0 
 0 
 0 
 7 
 7 
 7 
 7 
 7 
 0 
 0 
 0 
 0 
 22 
 22 
 22 
 22 
 0 
 0 
 21 
 7 
 7 
 7 
 7 
 7 
 7 
 0 
 0 
 0 
 22 
 22 
 22 
 22 
 0 
 0 
 0 
 21 
 7 
 7 
 7 
 7 
 0 
 0 
 0 
 0 
 22 
 22 
 22 
 22 
 0 
 0 
 0 
 21 
 7 
 7 
 7 
 7 
 0 
 0 
 0 
 0 
 22 
 22 
 22 
 22 
 0 
 0 
 0 
 21 
 7 
 7 
 7 
 7 
 0 
 0 
 0 
 0 
 22 
 22 
 22 
 22 
 0 
 0 
 0 
 0 
 7 
 7 
 7 
 7 
 0 
 0 
 0 
 0 
 22 
 22 
 22 
 22 
 0 
 0 
 0 
 0 
 7 
 7 
 7 
 7 
 0 
 0 
 0 
 0 
 22 
 22 
 22 
 22 
 0 
 0 
 0 
 0 
 7 
 7 
 7 
 7 
 7 
 0 
 0 
 0 
 22 
 22 
 22 
 22 
 0 
 0 
 0 
 0 
 7 
 7 
 7 
 7 
 7 
 7 
 0 
 0 
 22 
 22 
 22 
 22 
 0 
 0 
 0 
 0 
 12 
 7 
 7 
 7 
 7 
 7 
 0 
 0 
 22 
 22 
 22 
 22 
 0 
 0 
 0 
 0 
 12 
 12 
 7 
 7 
 0 
 0 
 0 
 0 
 22 
 22 
 22 
 22 
 0 
 0 
 0 
 0 
 12 
 12 
 7 
 7 
 7 
 0 
 0 
 0 
 22 
 22 
 22 
 22 
 0 
 0 
 0 
 0 
 12 
 7 
 7 
 7 
 7 
 7 
 0 
 0 
 22 
 22 
 22 
 22 
 0 
 0 
 0 
 0 
 7 
 7 
 7 
 7 
 7 
 7 
 0 
 0 
 22 
 22 
 22 
 22 
 0 
 0 
 0 
 0 
 7 
 7 
 7 
 7 
 7 
 0 
 0 
 0 
 22 
 22 
 22 
 22 
 0 
 0 
 0 
 21 
 7 
 7 
 7 
 7 
 0 
 0 
 0 
 0 
 22 
 22 
 22 
 22 
 0 
 0 
 0 
 21 
 7 
 7 
 7 
 7 
 7 
 0 
 0 
 7 
 22 
 22 
 22 
 22 
 0 
 0 
 0 
 21 
 7 
 7 
 7 
 7 
 7 
 0 
 7 
 7 
 22 
 22 
 22 
 22 
 0 
 21 
 0 
 21 
 7 
 7 
 7 
 7 
 7 
 0 
 7 
 7 
 22 
 22 
 22 
 22 
 0 
 21 
 0 
 0 
 7 
 7 
 7 
 7 
 7 
 0 
 0 
 0 
 22 
 22 
 22 
 22 
 0 
 0 
 0 
 0 
 7 
 7 
 7 
 7 
 7 
 0 
 0 
 0 
 22 
 22 
 22 
 22 
 0 
 0 
 0 
 0 
 7 
 7 
 7 
 7 
 0 
 0 
 0 
 0 
 22 
 22 
 22 
 22 
 0 
 0 
 0 
 0 
 0 
 7 
