SOLDIER
 3 
 22 
 22 
 0 
 0 
 0 
 0 
 0 
 0 
 7 
 0 
 0 
 0 
 0 
 7 
 7 
 7 
 22 
 22 
 0 
 7 
 0 
 0 
 0 
 0 
 7 
 0 
 0 
 0 
 0 
 7 
 7 
 7 
 22 
 22 
 0 
 0 
 0 
 0 
 0 
 7 
 7 
 0 
 0 
 0 
 0 
 0 
 7 
 7 
 22 
 22 
 0 
 0 
 7 
 0 
 7 
 0 
 7 
 7 
 0 
 0 
 7 
 0 
 0 
 7 
 22 
 22 
 0 
 0 
 0 
 0 
 0 
 0 
 7 
 0 
 0 
 0 
 0 
 0 
 0 
 0 
 22 
 22 
 0 
 0 
 0 
 7 
 0 
 0 
 0 
 0 
 0 
 0 
 0 
 0 
 0 
 0 
 22 
 22 
 0 
 0 
 0 
 0 
 0 
 0 
 0 
 0 
 0 
 0 
 0 
 0 
 0 
 0 
 22 
 22 
 0 
 0 
 0 
 0 
 0 
 0 
 0 
 7 
 0 
 0 
 0 
 7 
 0 
 0 
 22 
 22 
 0 
 0 
 0 
 7 
 0 
 0 
 7 
 7 
 0 
 0 
 0 
 0 
 0 
 0 
 22 
 22 
 0 
 0 
 0 
 0 
 0 
 0 
 7 
 7 
 7 
 0 
 0 
 0 
 0 
 0 
 22 
 22 
 0 
 0 
 0 
 0 
 0 
 7 
 0 
 7 
 0 
 0 
 0 
 0 
 0 
 0 
 22 
 22 
 0 
 0 
 0 
 0 
 0 
 0 
 0 
 0 
 0 
 0 
 7 
 0 
 0 
 0 
 22 
 22 
 22 
 22 
 22 
 22 
 36 
 0 
 0 
 7 
 0 
 0 
 7 
 7 
 0 
 0 
 22 
 22 
 22 
 22 
 22 
 22 
 22 
 0 
 0 
 0 
 0 
 0 
 7 
 7 
 0 
 0 
 22 
 22 
 22 
 22 
 22 
 22 
 22 
 0 
 15 
 0 
 0 
 7 
 7 
 0 
 0 
 0 
 22 
 22 
 22 
 22 
 22 
 22 
 22 
 0 
 0 
 0 
 0 
 0 
 7 
 7 
 0 
 0 
 0 
 0 
 0 
 22 
 22 
 22 
 22 
 0 
 0 
 0 
 0 
 0 
 0 
 7 
 0 
 0 
 0 
 0 
 0 
 22 
 22 
 22 
 22 
 0 
 0 
 7 
 0 
 0 
 0 
 7 
 0 
 0 
 0 
 0 
 0 
 22 
 22 
 22 
 22 
 0 
 0 
 0 
 0 
 0 
 0 
 0 
 0 
 0 
 0 
 0 
 0 
 22 
 22 
 22 
 22 
 0 
 0 
 7 
 0 
 0 
 0 
 0 
 0 
 0 
 0 
 0 
 0 
 22 
 22 
 22 
 22 
 0 
 0 
 0 
 0 
 0 
 0 
 0 
 0 
 0 
 0 
 0 
 0 
 22 
 22 
 22 
 22 
 0 
 0 
 0 
 0 
 0 
 7 
 0 
 0 
 0 
 0 
 0 
 0 
 22 
 22 
 22 
 22 
 0 
 0 
 0 
 7 
 0 
 0 
 0 
 7 
 0 
 0 
 0 
 0 
 22 
 22 
 22 
 22 
 0 
 0 
 7 
 0 
 0 
 0 
 0 
 7 
 7 
