PIGEON
 2 
 7 
 7 
 7 
 0 
 0 
 0 
 0 
 0 
 0 
 0 
 0 
 0 
 0 
 0 
 19 
 16 
 7 
 7 
 7 
 0 
 0 
 0 
 0 
 0 
 0 
 0 
 0 
 0 
 0 
 0 
 19 
 16 
 7 
 7 
 7 
 0 
 0 
 7 
 0 
 0 
 0 
 0 
 7 
 0 
 0 
 0 
 19 
 16 
 7 
 7 
 7 
 0 
 0 
 0 
 0 
 0 
 0 
 0 
 0 
 0 
 0 
 0 
 19 
 16 
 7 
 7 
 7 
 7 
 0 
 0 
 7 
 0 
 0 
 7 
 0 
 0 
 0 
 7 
 19 
 16 
 7 
 7 
 7 
 7 
 7 
 0 
 0 
 0 
 0 
 0 
 0 
 7 
 7 
 7 
 16 
 16 
 7 
 7 
 7 
 7 
 7 
 7 
 0 
 0 
 0 
 0 
 7 
 7 
 7 
 19 
 16 
 16 
 7 
 7 
 7 
 7 
 7 
 7 
 0 
 0 
 0 
 0 
 7 
 7 
 7 
 19 
 16 
 16 
 7 
 7 
 7 
 7 
 0 
 0 
 0 
 0 
 0 
 0 
 0 
 0 
 7 
 19 
 16 
 16 
 7 
 7 
 7 
 7 
 0 
 0 
 0 
 0 
 0 
 0 
 0 
 0 
 0 
 19 
 16 
 16 
 7 
 7 
 7 
 0 
 0 
 3 
 0 
 0 
 3 
 0 
 0 
 0 
 0 
 19 
 16 
 16 
 7 
 7 
 7 
 0 
 0 
 0 
 0 
 0 
 0 
 0 
 0 
 0 
 0 
 19 
 16 
 16 
 7 
 7 
 7 
 0 
 0 
 2 
 2 
 2 
 2 
 2 
 0 
 0 
 0 
 19 
 16 
 16 
 7 
 7 
 7 
 0 
 0 
 2 
 2 
 21 
 12 
 2 
 21 
 0 
 0 
 0 
 19 
 16 
 7 
 7 
 7 
 0 
 0 
 2 
 21 
 12 
 12 
 1 
 21 
 4 
 0 
 0 
 19 
 16 
 7 
 7 
 7 
 0 
 0 
 2 
 12 
 5 
 12 
 12 
 12 
 12 
 0 
 0 
 19 
 16 
 7 
 7 
 7 
 0 
 0 
 2 
 21 
 12 
 12 
 1 
 21 
 4 
 0 
 0 
 19 
 16 
 7 
 7 
 7 
 0 
 0 
 2 
 2 
 21 
 12 
 2 
 21 
 0 
 0 
 0 
 19 
 16 
 7 
 7 
 7 
 0 
 0 
 2 
 2 
 2 
 2 
 2 
 0 
 0 
 0 
 19 
 16 
 16 
 7 
 7 
 7 
 0 
 0 
 0 
 0 
 0 
 0 
 0 
 0 
 0 
 0 
 19 
 16 
 16 
 7 
 7 
 7 
 0 
 0 
 3 
 0 
 0 
 3 
 0 
 0 
 0 
 0 
 19 
 16 
 16 
 7 
 7 
 7 
 7 
 0 
 0 
 0 
 0 
 0 
 0 
 0 
 0 
 19 
 16 
 16 
 16 
 7 
 7 
 7 
 7 
 7 
 7 
 7 
 7 
 7 
 7 
 7 
 7 
 19 
 16 
 16 
 16 
 7 
 7 
 7 
 7 
 7 
 7 
 7 
 7 
 7 
 7 
 7 
 7 
 19 
 16 
 16 
 16 
