DINO
 2 
 19 
 16 
 16 
 16 
 16 
 16 
 16 
 16 
 16 
 16 
 16 
 16 
 16 
 16 
 16 
 16 
 0 
 19 
 16 
 16 
 16 
 16 
 16 
 16 
 16 
 16 
 16 
 16 
 16 
 16 
 16 
 16 
 0 
 0 
 19 
 16 
 16 
 16 
 16 
 16 
 16 
 16 
 16 
 16 
 16 
 16 
 16 
 16 
 0 
 0 
 0 
 0 
 19 
 16 
 16 
 16 
 16 
 18 
 7 
 0 
 0 
 19 
 16 
 16 
 0 
 0 
 0 
 19 
 16 
 16 
 16 
 16 
 36 
 7 
 7 
 0 
 0 
 19 
 16 
 16 
 0 
 0 
 0 
 34 
 22 
 22 
 22 
 22 
 22 
 0 
 0 
 12 
 0 
 0 
 19 
 16 
 0 
 0 
 19 
 16 
 16 
 16 
 16 
 22 
 22 
 0 
 12 
 12 
 12 
 0 
 19 
 16 
 0 
 19 
 16 
 16 
 16 
 16 
 16 
 22 
 22 
 0 
 0 
 12 
 12 
 0 
 19 
 16 
 0 
 0 
 19 
 16 
 16 
 16 
 16 
 22 
 22 
 0 
 0 
 12 
 12 
 0 
 19 
 16 
 0 
 0 
 0 
 19 
 16 
 16 
 16 
 22 
 22 
 0 
 0 
 0 
 12 
 0 
 19 
 16 
 0 
 0 
 19 
 16 
 16 
 16 
 16 
 22 
 37 
 0 
 7 
 0 
 12 
 0 
 19 
 16 
 0 
 0 
 34 
 22 
 22 
 22 
 22 
 22 
 0 
 0 
 7 
 0 
 0 
 0 
 19 
 16 
 0 
 19 
 16 
 16 
 16 
 18 
 35 
 37 
 0 
 7 
 7 
 0 
 0 
 0 
 19 
 16 
 0 
 19 
 16 
 16 
 16 
 0 
 0 
 0 
 0 
 7 
 7 
 0 
 0 
 0 
 19 
 16 
 19 
 16 
 16 
 16 
 16 
 0 
 0 
 0 
 7 
 7 
 7 
 7 
 0 
 19 
 16 
 16 
 19 
 16 
 16 
 16 
 16 
 0 
 7 
 7 
 7 
 7 
 0 
 0 
 0 
 19 
 16 
 16 
 0 
 19 
 16 
 16 
 16 
 0 
 0 
 0 
 0 
 0 
 0 
 0 
 0 
 19 
 16 
 16 
 0 
 0 
 19 
 16 
 16 
 0 
 0 
 0 
 0 
 0 
 12 
 0 
 19 
 16 
 16 
 16 
 0 
 0 
 19 
 16 
 16 
 0 
 0 
 0 
 12 
 12 
 12 
 0 
 19 
 16 
 16 
 16 
 0 
 0 
 19 
 16 
 16 
 0 
 0 
 12 
 12 
 12 
 0 
 0 
 19 
 16 
 16 
 16 
 0 
 19 
 16 
 16 
 16 
 0 
 0 
 0 
 0 
 0 
 0 
 0 
 0 
 19 
 16 
 16 
 0 
 19 
 16 
 16 
 16 
 16 
 17 
 0 
 0 
 0 
 0 
 0 
 0 
 19 
 16 
 16 
 19 
 16 
 16 
 16 
 16 
 16 
 16 
 17 
 0 
 0 
 0 
 0 
 0 
 0 
 19 
 16 
 0 
 19 
 16 
 16 
 16 
 16 
 16 
 16 
 0 
 0 
 0 
 0 
 0 
 0 
 19 
 16 
