VARTRAGUARD
 3 
 16 
 16 
 16 
 42 
 42 
 42 
 42 
 42 
 42 
 42 
 42 
 42 
 42 
 16 
 16 
 16 
 16 
 16 
 42 
 39 
 39 
 39 
 39 
 39 
 39 
 39 
 39 
 39 
 39 
 42 
 16 
 16 
 16 
 16 
 42 
 42 
 42 
 42 
 42 
 42 
 42 
 42 
 42 
 42 
 42 
 39 
 42 
 16 
 16 
 16 
 42 
 42 
 0 
 0 
 0 
 0 
 0 
 0 
 0 
 0 
 0 
 42 
 39 
 42 
 16 
 42 
 39 
 42 
 0 
 0 
 0 
 0 
 0 
 0 
 0 
 0 
 0 
 42 
 39 
 42 
 42 
 39 
 39 
 42 
 0 
 40 
 42 
 0 
 0 
 40 
 42 
 42 
 42 
 39 
 39 
 42 
 42 
 39 
 39 
 42 
 0 
 0 
 0 
 0 
 0 
 40 
 42 
 39 
 39 
 39 
 39 
 42 
 42 
 39 
 42 
 42 
 0 
 41 
 42 
 0 
 0 
 0 
 0 
 0 
 0 
 0 
 0 
 42 
 42 
 39 
 42 
 0 
 0 
 0 
 0 
 0 
 0 
 40 
 42 
 39 
 39 
 39 
 0 
 42 
 42 
 42 
 42 
 0 
 42 
 0 
 0 
 0 
 40 
 42 
 42 
 39 
 39 
 39 
 0 
 42 
 42 
 42 
 42 
 0 
 0 
 0 
 0 
 40 
 42 
 42 
 42 
 39 
 39 
 42 
 0 
 42 
 0 
 0 
 0 
 0 
 0 
 0 
 0 
 41 
 42 
 42 
 42 
 39 
 43 
 0 
 0 
 42 
 0 
 0 
 0 
 0 
 0 
 0 
 0 
 41 
 42 
 42 
 42 
 39 
 43 
 0 
 0 
 42 
 42 
 42 
 42 
 0 
 0 
 0 
 0 
 40 
 42 
 42 
 42 
 39 
 39 
 42 
 0 
 42 
 42 
 42 
 42 
 0 
 42 
 0 
 0 
 0 
 40 
 42 
 42 
 39 
 39 
 39 
 0 
 42 
 42 
 39 
 42 
 0 
 0 
 0 
 0 
 0 
 0 
 40 
 42 
 39 
 39 
 39 
 0 
 42 
 42 
 39 
 42 
 42 
 0 
 41 
 42 
 0 
 0 
 0 
 0 
 0 
 0 
 0 
 0 
 42 
 42 
 39 
 39 
 42 
 0 
 0 
 0 
 0 
 0 
 40 
 42 
 39 
 39 
 39 
 39 
 42 
 42 
 39 
 39 
 42 
 0 
 40 
 42 
 0 
 0 
 40 
 42 
 42 
 42 
 39 
 39 
 42 
 16 
 42 
 39 
 42 
 0 
 0 
 0 
 0 
 0 
 0 
 0 
 0 
 0 
 42 
 39 
 42 
 16 
 16 
 42 
 42 
 0 
 0 
 0 
 0 
 0 
 0 
 0 
 0 
 0 
 42 
 39 
 42 
 16 
 16 
 42 
 42 
 42 
 42 
 42 
 42 
 42 
 42 
 42 
 42 
 42 
 39 
 42 
 16 
 16 
 16 
 42 
 39 
 39 
 39 
 39 
 39 
 39 
 39 
 39 
 39 
 39 
 42 
 16 
 16 
 16 
 16 
 16 
 42 
 42 
 42 
 42 
 42 
 42 
 42 
 42 
 42 
 42 
 16 
 16 
 16 
