FAUN
 3 
 0 
 0 
 0 
 0 
 0 
 0 
 0 
 0 
 0 
 0 
 0 
 0 
 0 
 0 
 1 
 1 
 0 
 0 
 0 
 0 
 0 
 0 
 0 
 0 
 0 
 0 
 0 
 0 
 0 
 0 
 1 
 1 
 0 
 0 
 0 
 0 
 0 
 0 
 0 
 7 
 0 
 0 
 7 
 0 
 0 
 0 
 1 
 1 
 7 
 0 
 0 
 0 
 0 
 0 
 0 
 7 
 0 
 0 
 7 
 7 
 0 
 0 
 1 
 1 
 7 
 7 
 0 
 0 
 0 
 0 
 0 
 7 
 7 
 0 
 7 
 7 
 0 
 0 
 1 
 1 
 7 
 7 
 0 
 0 
 0 
 0 
 7 
 7 
 7 
 7 
 7 
 0 
 0 
 0 
 1 
 1 
 7 
 7 
 0 
 0 
 0 
 0 
 7 
 7 
 7 
 0 
 7 
 0 
 0 
 0 
 1 
 1 
 7 
 7 
 0 
 0 
 7 
 0 
 7 
 7 
 7 
 0 
 0 
 0 
 0 
 0 
 1 
 1 
 7 
 7 
 0 
 7 
 7 
 7 
 7 
 7 
 0 
 0 
 0 
 0 
 0 
 4 
 2 
 2 
 7 
 7 
 0 
 7 
 7 
 0 
 0 
 7 
 0 
 0 
 0 
 0 
 0 
 0 
 0 
 0 
 7 
 7 
 0 
 0 
 7 
 0 
 0 
 7 
 0 
 0 
 0 
 0 
 0 
 0 
 0 
 0 
 7 
 7 
 0 
 0 
 0 
 0 
 0 
 7 
 0 
 0 
 0 
 0 
 0 
 0 
 0 
 0 
 7 
 7 
 0 
 0 
 0 
 0 
 0 
 0 
 0 
 0 
 0 
 0 
 0 
 0 
 0 
 0 
 7 
 7 
 0 
 0 
 0 
 0 
 0 
 0 
 0 
 0 
 0 
 0 
 0 
 0 
 0 
 0 
 7 
 7 
 7 
 0 
 0 
 0 
 0 
 0 
 0 
 0 
 0 
 0 
 0 
 0 
 0 
 0 
 7 
 7 
 7 
 0 
 0 
 0 
 0 
 0 
 0 
 0 
 0 
 0 
 0 
 4 
 2 
 2 
 7 
 7 
 7 
 0 
 0 
 0 
 0 
 0 
 0 
 7 
 0 
 0 
 0 
 0 
 1 
 1 
 7 
 7 
 7 
 7 
 0 
 0 
 0 
 0 
 7 
 7 
 7 
 0 
 0 
 0 
 1 
 1 
 7 
 7 
 7 
 7 
 0 
 0 
 0 
 0 
 7 
 7 
 7 
 0 
 0 
 0 
 1 
 1 
 7 
 7 
 7 
 7 
 0 
 0 
 0 
 0 
 7 
 7 
 0 
 0 
 0 
 0 
 1 
 1 
 7 
 7 
 7 
 7 
 0 
 0 
 0 
 0 
 7 
 7 
 0 
 0 
 0 
 0 
 1 
 1 
 7 
 7 
 7 
 7 
 0 
 0 
 0 
 0 
 0 
 7 
 0 
 0 
 0 
 0 
 1 
 1 
 7 
 7 
 7 
 7 
 7 
 0 
 0 
 0 
 0 
 0 
 0 
 0 
 0 
 0 
 1 
 1 
 7 
 7 
 7 
 7 
 7 
 7 
 0 
 0 
 0 
 0 
 0 
 0 
 0 
 0 
 1 
 1 
